p_val	avg_logFC	pct.1	pct.2	p_val_adj	cluster	gene
1.78114159388192e-50	2.62569655346001	0.705	0	2.76789403689251e-46	PH 1	CG43164
1.72541398306776e-49	1.7324057097526	0.718	0.007	2.68129332968731e-45	PH 1	Inx3
1.33692082138503e-44	1.83554058933719	0.731	0.037	2.07757495643234e-40	PH 1	Fas3
5.17148106820458e-43	1.60161978540491	0.667	0.015	8.03648157998992e-39	PH 1	ogre
2.1068891283465e-42	1.73611305783364	0.744	0.048	3.27410570545046e-38	PH 1	Inx2
1.09484458444891e-41	2.09679369347115	0.679	0.03	1.7013884842336e-37	PH 1	E(spl)m2-BFM
3.46818926000115e-39	1.58932853595232	0.628	0.019	5.38956611004178e-35	PH 1	Fas2
2.00463480574694e-38	1.29044967359563	0.577	0.007	3.11520248813075e-34	PH 1	Sip1
2.87222259101271e-37	1.24089360771408	0.615	0.022	4.46343390643375e-33	PH 1	vfl
9.38479352027277e-36	1.59272171089158	0.718	0.078	1.45839691305039e-31	PH 1	ed
1.28287164309446e-35	1.62271711290709	0.526	0.004	1.99358253336879e-31	PH 1	E(spl)m7-HLH
1.99907367941876e-34	1.94532416673398	0.603	0.033	3.10656049781675e-30	PH 1	E(spl)malpha-BFM
1.11367763348248e-33	1.58925810038486	0.769	0.126	1.73065504243177e-29	PH 1	Ppa
3.33373750388608e-33	1.19414978592869	0.577	0.026	5.18062808103896e-29	PH 1	l(3)neo38
5.30007239625348e-33	1.24208457353061	0.538	0.015	8.23631250377791e-29	PH 1	Dl
8.469596807185e-33	1.12049888903391	0.474	0	1.31617534383655e-28	PH 1	pio
1.72574659155134e-32	1.73656718303738	0.487	0.004	2.68181020327079e-28	PH 1	E(spl)m8-HLH
7.22395260640876e-32	1.24792088060027	0.462	0	1.12260223503592e-27	PH 1	Tom
7.22395260640876e-32	0.989203459102873	0.462	0	1.12260223503592e-27	PH 1	grh
1.0048057383814e-31	1.16322357743597	0.474	0.004	1.56146811744469e-27	PH 1	hid
1.65758445466728e-31	1.06153188871601	0.474	0.004	2.57588624255296e-27	PH 1	CG33978
5.8172593661921e-31	1.18090097665264	0.59	0.041	9.04002105506252e-27	PH 1	GstS1
9.9116008856077e-30	1.28277758379086	0.667	0.089	1.54026277762344e-25	PH 1	miple2
5.16419880680775e-29	0.923429860022407	0.462	0.011	8.02516494577925e-25	PH 1	CG7713
6.75111964811259e-29	0.872986242194904	0.436	0.004	1.0491239933167e-24	PH 1	pot
1.37161952865384e-28	1.03049480800093	0.449	0.007	2.13149674752807e-24	PH 1	Lac
3.40001275604271e-28	0.669888898653145	0.41	0	5.28361982289037e-24	PH 1	CG6398
2.50323183406195e-27	1.77227503006494	0.795	0.248	3.89002227013227e-23	PH 1	heph
2.73605072984463e-27	1.2264678809792	0.397	0	4.25182283417855e-23	PH 1	fj
2.73605072984463e-27	1.02933586078762	0.397	0	4.25182283417855e-23	PH 1	verm
4.3705035917489e-27	0.861989649465	0.41	0.004	6.79176258157779e-23	PH 1	mgl
2.1769014609519e-26	0.912908156732334	0.385	0	3.38290487031925e-22	PH 1	bowl
9.19364579737888e-26	1.18845937466917	0.564	0.059	1.42869255691268e-21	PH 1	babos
1.71264901772307e-25	1.32655689709833	0.372	0	2.66145657354166e-21	PH 1	Brd
1.71264901772307e-25	0.701914677102483	0.372	0	2.66145657354166e-21	PH 1	CG18507
2.78016064891273e-25	1.35930873481259	0.474	0.03	4.32036964841038e-21	PH 1	ab
2.81370530527717e-25	0.981473376683963	0.5	0.041	4.37249804440073e-21	PH 1	CG43780
4.16710022702818e-25	0.716128774123219	0.385	0.004	6.4756737528018e-21	PH 1	ec
1.33247242848871e-24	2.19164667996355	0.359	0	2.07066215387146e-20	PH 1	E(spl)m4-BFM
1.33247242848871e-24	1.3174179213668	0.359	0	2.07066215387146e-20	PH 1	CG31997
1.39427045033294e-24	0.760518537721202	0.436	0.019	2.16669627981739e-20	PH 1	bou
1.97948202580268e-24	0.881347786830912	0.372	0.004	3.07611506809736e-20	PH 1	rg
2.08939490358895e-24	0.7936238177762	0.372	0.004	3.24691968017722e-20	PH 1	d
2.93898854933555e-24	1.0215053443506	0.385	0.007	4.56718820566744e-20	PH 1	CG10249
4.79952374709864e-24	1.07610265050428	0.615	0.1	7.45845990299129e-20	PH 1	Sdc
1.02531002001882e-23	0.985045754056085	0.346	0	1.59333177110925e-19	PH 1	CG9691
1.02531002001882e-23	0.982034296782462	0.346	0	1.59333177110925e-19	PH 1	ft
1.02531002001882e-23	0.896699265742527	0.346	0	1.59333177110925e-19	PH 1	ovo
1.02531002001882e-23	0.829150368052689	0.346	0	1.59333177110925e-19	PH 1	crb
1.02531002001882e-23	0.711097499920631	0.346	0	1.59333177110925e-19	PH 1	CG14830
1.44341886836188e-23	0.689438441786008	0.397	0.011	2.24307292143436e-19	PH 1	dp
2.08983847170388e-23	1.06977636772597	0.359	0.004	3.24760898502782e-19	PH 1	CG14984
4.96078795049486e-23	0.955527698051716	0.603	0.081	7.70906447506902e-19	PH 1	kuz
7.80383249942066e-23	0.814298458848737	0.333	0	1.21271557040997e-18	PH 1	Vdup1
7.80383249942066e-23	0.69892983659498	0.333	0	1.21271557040997e-18	PH 1	CG34398
1.02582940501761e-22	1.73201142330104	0.679	0.181	1.59413889539737e-18	PH 1	hth
1.20776111099727e-22	1.15767144705605	0.346	0.004	1.87686076648976e-18	PH 1	bi
1.23322160273026e-22	1.6678446446521	0.41	0.022	1.91642637064283e-18	PH 1	rpr
2.51459852881452e-22	1.74241219412627	0.359	0.007	3.90768611377777e-18	PH 1	E(spl)mgamma-HLH
5.87580290737298e-22	0.88210669758963	0.321	0	9.13099771805761e-18	PH 1	hui
5.87580290737298e-22	0.843330512168364	0.321	0	9.13099771805761e-18	PH 1	Msr-110
7.29753104107556e-22	0.81943644979826	0.974	0.989	1.13403632378314e-17	PH 1	Df31
2.34272098887162e-21	0.774848869764126	0.462	0.044	3.6405884167065e-17	PH 1	CG42748
4.37709831575549e-21	0.768363915227499	0.308	0	6.80201078268403e-17	PH 1	Sod3
6.33496603905832e-21	0.854048322745832	0.321	0.004	9.84453722469662e-17	PH 1	dpn
6.50568548273418e-21	3.13388524315304	0.321	0.004	1.01098352401689e-16	PH 1	pncr002:3R
1.68882519455583e-20	0.73232490671475	0.987	0.985	2.62443435233976e-16	PH 1	CG3800
3.22631717827044e-20	0.65588748304174	0.295	0	5.01369689503227e-16	PH 1	CG6040
3.22642345854663e-20	0.796495083110557	0.295	0	5.01386205458146e-16	PH 1	CG9689
3.22642345854663e-20	0.684337604847184	0.295	0	5.01386205458146e-16	PH 1	kkv
3.22642345854663e-20	0.662328197867113	0.295	0	5.01386205458146e-16	PH 1	CG9782
3.55768199921911e-20	1.10930574827438	0.782	0.311	5.5286378267865e-16	PH 1	GILT1
5.42983823534814e-20	1.198143938143	0.744	0.248	8.43796861773101e-16	PH 1	mbl
7.37892489777401e-20	1.0382224984476	0.513	0.078	1.14668492911408e-15	PH 1	kune
1.35955569442577e-19	1.36486618048264	0.641	0.159	2.11274954913765e-15	PH 1	E(spl)m3-HLH
1.39065046217487e-19	0.605150458672854	0.321	0.007	2.16107081821975e-15	PH 1	Gfat1
2.35351964979453e-19	0.956251689824167	0.282	0	3.6573695357807e-15	PH 1	Ocho
2.3535967653653e-19	0.708840954522503	0.282	0	3.65748937337767e-15	PH 1	trn
2.3535967653653e-19	0.576727264389241	0.282	0	3.65748937337767e-15	PH 1	Tsp39D
2.46828721301717e-19	0.667400581851476	0.346	0.015	3.83571832902868e-15	PH 1	sano
4.36908124484544e-19	0.719864727279689	0.295	0.004	6.78955225448982e-15	PH 1	CG3777
1.30041018789769e-18	0.98831468047728	0.5	0.081	2.02083743199301e-14	PH 1	shg
1.69934728462168e-18	0.68476711353086	0.269	0	2.64078568030209e-14	PH 1	CG10005
1.69934728462168e-18	0.599227647141876	0.269	0	2.64078568030209e-14	PH 1	CG12814
1.69934728462168e-18	0.533499551499329	0.269	0	2.64078568030209e-14	PH 1	CG10176
2.36020781194893e-18	1.15069515845596	0.744	0.278	3.66776293976863e-14	PH 1	N
3.85394672864449e-18	0.550056099335351	0.282	0.004	5.98903321631354e-14	PH 1	CG44838
4.97249456627111e-18	0.57647874925655	0.333	0.019	7.72725655598531e-14	PH 1	Idgf4
6.45802049427426e-18	0.639296399116455	0.295	0.007	1.00357638481022e-13	PH 1	jbug
6.99175739032808e-18	0.668606869256193	0.308	0.011	1.08651909845698e-13	PH 1	olf413
1.21461969788879e-17	0.950012802162448	0.256	0	1.88751901051918e-13	PH 1	bnb
1.21461969788879e-17	0.712863366989659	0.256	0	1.88751901051918e-13	PH 1	lft
1.21461969788879e-17	0.58133884490521	0.256	0	1.88751901051918e-13	PH 1	sas
1.21461969788879e-17	0.544364354199421	0.256	0	1.88751901051918e-13	PH 1	CG42673
2.38032920388975e-17	1.16103913369055	0.5	0.096	3.69903158284467e-13	PH 1	CG34417
2.65683982740388e-17	0.585490775555661	0.269	0.004	4.12872909178563e-13	PH 1	qsm
2.94559353443793e-17	0.742078539994217	0.282	0.007	4.57745235251654e-13	PH 1	CR43051
5.1261420063583e-17	0.550931296971113	0.321	0.019	7.9660246778808e-13	PH 1	GstE11
6.51041783917602e-17	0.664165536470458	0.295	0.011	1.01171893220795e-12	PH 1	CG34383
1.81308518251284e-16	0.592811891129617	0.256	0.004	2.81753437362495e-12	PH 1	miple
1.86056999439895e-16	0.457147773848038	0.256	0.004	2.89132577129596e-12	PH 1	mthl5
2.01050328877927e-16	0.375186092084025	0.256	0.004	3.12432211076298e-12	PH 1	Tsf2
2.65574833065518e-16	0.632312614896361	0.372	0.037	4.12703290583816e-12	PH 1	Cht2
3.6294362751026e-16	0.640541235419672	0.282	0.011	5.64014397150943e-12	PH 1	Myo10A
3.98744970591778e-16	0.959431239771047	0.5	0.1	6.19649684299624e-12	PH 1	Tet
5.70826948487823e-16	0.704147079601898	0.423	0.059	8.87065077950077e-12	PH 1	CG3655
5.94754881593788e-16	0.42008540478716	0.282	0.011	9.24249085996747e-12	PH 1	CG17265
1.10876900190977e-15	0.616959630810822	0.346	0.033	1.72302702896778e-11	PH 1	crim
1.16310303314247e-15	0.921382384922787	0.397	0.056	1.80746211350341e-11	PH 1	CG4096
1.51403768074451e-15	1.26261644195145	0.282	0.015	2.35281455587696e-11	PH 1	Mmp2
2.16386777291931e-15	0.728046326804119	0.974	0.889	3.3626505191166e-11	PH 1	HmgD
3.12542780258767e-15	0.592320994489572	0.295	0.019	4.85691480522124e-11	PH 1	path
3.64109342843348e-15	0.841860338447742	0.974	0.726	5.65825918778562e-11	PH 1	Hsp83
4.51475827187249e-15	0.480083304490738	0.295	0.019	7.01593435448986e-11	PH 1	CG32982
6.50806925577928e-15	0.488865484515791	0.295	0.019	1.0113539623481e-10	PH 1	CG17032
7.51448000311322e-15	0.658342116013165	0.423	0.07	1.16775019248379e-10	PH 1	feo
2.06062016161295e-14	0.946636395997268	0.769	0.393	3.20220373114653e-10	PH 1	Dsp1
2.08745542937913e-14	0.485276142744875	0.269	0.015	3.24390573725518e-10	PH 1	CG42327
5.071119761283e-14	0.771359871869619	0.321	0.033	7.88052010903378e-10	PH 1	noe
5.54676554357131e-14	0.558499848439578	0.308	0.03	8.61967365470981e-10	PH 1	Dmtn
1.51323396661052e-13	0.593441932805214	0.282	0.022	2.35156558411275e-09	PH 1	CG9336
2.09162824981352e-13	0.756657535436493	0.551	0.159	3.25039030021022e-09	PH 1	Btk29A
2.33954065723891e-13	0.917797239493602	0.679	0.263	3.63564618134926e-09	PH 1	gro
2.67705248567815e-13	0.907838077909396	0.667	0.248	4.16013956274385e-09	PH 1	PCNA
6.2631359019252e-13	0.880737055525308	0.744	0.374	9.73291319159176e-09	PH 1	psq
6.31023190680638e-13	0.623364580004968	0.282	0.026	9.80610038317711e-09	PH 1	ckn
7.90722136700561e-13	0.46808843387152	0.256	0.019	1.22878220043267e-08	PH 1	fng
9.4403805520041e-13	0.616472498842294	0.974	0.956	1.46703513778144e-08	PH 1	Bacc
1.0822125297044e-12	0.973953065785493	0.41	0.089	1.68175827116064e-08	PH 1	CG43658
1.08487019562508e-12	0.487248897479423	0.269	0.022	1.68588828400137e-08	PH 1	bbg
1.14512798277741e-12	0.552716046571762	0.385	0.063	1.77952888523609e-08	PH 1	CG43759
1.15578926027964e-12	0.56309380955055	0.436	0.093	1.79609651047456e-08	PH 1	Ptp10D
1.18277970877189e-12	0.583570234198143	0.962	0.889	1.83803966743152e-08	PH 1	smt3
1.70011396821069e-12	0.58368620426385	0.987	0.974	2.64197710659942e-08	PH 1	mt:CoII
1.84776727772508e-12	0.562096181402787	0.295	0.033	2.87143034958477e-08	PH 1	elav
2.00245970796515e-12	0.298488001203531	0.256	0.019	3.11182238617785e-08	PH 1	btsz
2.23550591581962e-12	0.878950457573089	0.744	0.374	3.47397619318369e-08	PH 1	Nrg
2.38610157015618e-12	0.558877599751683	0.295	0.033	3.70800184002271e-08	PH 1	cold
2.47547051355995e-12	0.511111871398957	1	0.981	3.84688117807216e-08	PH 1	14-3-3epsilon
3.70336678905574e-12	0.730900760434941	0.526	0.156	5.75503199019262e-08	PH 1	rgn
4.7343409285055e-12	0.655463883413395	1	0.981	7.35716580289754e-08	PH 1	CR34335
5.12618674641399e-12	0.443147529718558	0.282	0.03	7.96609420392733e-08	PH 1	CG30069
5.21011772833107e-12	0.381735282278802	0.269	0.026	8.09652294982648e-08	PH 1	crok
1.06460943554864e-11	0.625584931506234	0.321	0.052	1.65440306284258e-07	PH 1	RhoGEF4
1.23130527978491e-11	0.65429968313137	0.885	0.722	1.91344840478575e-07	PH 1	D1
1.40496894251061e-11	0.865011192370748	0.615	0.241	2.18332173666149e-07	PH 1	stai
1.5677824399006e-11	0.634874019655786	0.923	0.778	2.43633391160552e-07	PH 1	ctp
1.58491347082082e-11	0.534554633109917	0.385	0.074	2.46295553365555e-07	PH 1	Cont
2.69518707606561e-11	0.650236296442358	0.436	0.107	4.18832071620596e-07	PH 1	scramb2
5.03171801775684e-11	0.51784596800891	0.269	0.033	7.81928979959413e-07	PH 1	jar
9.74596239955262e-11	0.57428932067926	0.308	0.048	1.51452255689048e-06	PH 1	Fas1
1.43570074527913e-10	0.610359245429599	0.91	0.796	2.23107895816377e-06	PH 1	Akap200
1.74213510281426e-10	0.665804579821389	0.808	0.437	2.70727794977336e-06	PH 1	jim
2.11526442703451e-10	0.590332595260728	0.321	0.059	3.28712091961162e-06	PH 1	CG1969
2.31096405079389e-10	0.721383150051413	0.436	0.119	3.5912381349337e-06	PH 1	Ten-a
2.42217473273884e-10	0.620608156225037	0.936	0.659	3.76405953467616e-06	PH 1	Non2
3.94576776546796e-10	0.697641884310597	0.397	0.1	6.13172310753721e-06	PH 1	Tollo
4.89753516282626e-10	0.351528273179775	0.308	0.052	7.610769643032e-06	PH 1	Mcr
5.34459398641167e-10	0.400845287870271	0.987	0.985	8.30549905488373e-06	PH 1	mt:CoIII
5.99514740778916e-10	0.649924808089471	0.769	0.489	9.31645907170435e-06	PH 1	ben
6.61746208003738e-10	0.53749123931973	0.436	0.122	1.02835360723781e-05	PH 1	CG17272
9.3884840753866e-10	0.708219668495381	0.397	0.104	1.45897042531508e-05	PH 1	fz2
1.21446750863426e-09	0.506851380295069	0.423	0.115	1.88728250841764e-05	PH 1	grp
1.2558670687353e-09	0.830682926906075	0.513	0.204	1.95161742481465e-05	PH 1	Cirl
1.60731403184333e-09	0.364159745625153	0.256	0.037	2.49776600548454e-05	PH 1	CG6959
1.77616704393774e-09	0.780414440609602	0.436	0.144	2.76016358627925e-05	PH 1	Smn
1.86311094406281e-09	0.382675227219811	0.269	0.044	2.8952744070736e-05	PH 1	Chrac-16
2.03706291029463e-09	0.486672175716196	0.333	0.074	3.16559576259786e-05	PH 1	CG8306
2.18284623963892e-09	0.824617743199123	0.526	0.207	3.39214305639888e-05	PH 1	cic
2.32481679257107e-09	0.568446800524091	0.5	0.178	3.61276529565544e-05	PH 1	CG1142
2.40922377290484e-09	0.347514417522917	0.282	0.048	3.74393374309413e-05	PH 1	Tsp42Ef
2.48390253167742e-09	0.532328326539427	0.321	0.067	3.8599845342267e-05	PH 1	nkd
2.621054370073e-09	0.46905570801725	0.987	0.985	4.07311849109345e-05	PH 1	mt:CoI
2.650966366087e-09	0.477138148745505	0.962	0.974	4.1196017328992e-05	PH 1	mt:ATPase6
3.05309744730638e-09	0.354349460858243	0.295	0.052	4.74451343311411e-05	PH 1	CR31044
4.18275156781261e-09	0.508685045274709	0.372	0.093	6.49999593638079e-05	PH 1	Vang
6.49912591657226e-09	0.520435341886084	0.551	0.207	0.000100996416743533	PH 1	Aac11
7.59003408530556e-09	0.599525484028542	0.397	0.119	0.000117949129685648	PH 1	wech
8.42863019700425e-09	0.453652871313654	0.41	0.119	0.000130980913261446	PH 1	CG10754
9.15453557177151e-09	0.787854584114912	0.308	0.07	0.000142261482785329	PH 1	betaTub60D
1.23602651988804e-08	0.333152715836435	0.269	0.048	0.000192078521190601	PH 1	Nrx-IV
1.28439202753359e-08	0.470938554421846	0.474	0.163	0.000199594521078719	PH 1	Bap55
1.73495957069117e-08	0.656750134448318	0.513	0.204	0.000269612717285408	PH 1	CG9135
1.74515468036085e-08	0.616383674867243	0.91	0.796	0.000271197037328075	PH 1	His2Av
2.39114324052666e-08	0.970606008444828	0.628	0.319	0.000371583659577843	PH 1	E(spl)mbeta-HLH
3.65346711837757e-08	0.443676601171909	0.333	0.081	0.000567748790195875	PH 1	CG3303
3.83690954563101e-08	0.579438190680984	1	0.985	0.000596255743391059	PH 1	CR40469
3.89202935282219e-08	0.515118555769231	0.885	0.811	0.000604821361428568	PH 1	CtBP
4.08681304314425e-08	0.394719534298956	0.346	0.089	0.000635090746904617	PH 1	msd5
4.58466347557512e-08	0.490210281366114	0.462	0.159	0.000712456704104374	PH 1	l(1)G0289
5.31262810140209e-08	0.45684873094504	0.474	0.167	0.000825582406957885	PH 1	CG13917
5.33652810565134e-08	0.584463167473328	0.474	0.178	0.000829296467618218	PH 1	Rcd-1
5.49174252170466e-08	0.438470870643625	0.513	0.196	0.000853416787872904	PH 1	CG2926
5.80436333122846e-08	0.433947569889643	0.346	0.093	0.000901998061672903	PH 1	blow
5.92271968061577e-08	0.88235414270008	0.41	0.141	0.000920390638367691	PH 1	kek1
6.54882407957772e-08	0.593535066117184	0.731	0.433	0.00101768726196638	PH 1	Lam
6.8166385934488e-08	0.346288035306082	0.256	0.048	0.00105930563742194	PH 1	CG8121
9.48070460117755e-08	0.53865575811082	0.295	0.07	0.00147330149502299	PH 1	tum
9.80957725208426e-08	0.484993773147039	0.385	0.119	0.00152440830497389	PH 1	CycA
1.11014534253278e-07	0.367160419617714	0.359	0.1	0.00172516586229595	PH 1	CG1234
1.21176067521959e-07	1.27610368533754	0.474	0.2	0.00188307608929125	PH 1	Hsp26
1.30692326504732e-07	0.521980799175724	0.538	0.233	0.00203095875388354	PH 1	Cdk1
1.44244626086919e-07	0.584645253716188	0.654	0.344	0.00224156148939071	PH 1	Pen
1.54317387692054e-07	0.553671822228619	0.346	0.104	0.00239809220473452	PH 1	l(3)psg2
1.60941042435732e-07	0.639353264727232	0.769	0.5	0.00250102379945127	PH 1	sbb
1.90319186226294e-07	0.396553909409128	0.256	0.056	0.00295756015395662	PH 1	ci
2.05221458647368e-07	0.587417100307008	0.526	0.241	0.00318914146738009	PH 1	HP4
2.08091808561165e-07	0.528641496484114	0.859	0.748	0.00323374670504051	PH 1	Rm62
2.13624669672163e-07	0.36764332148439	1	0.978	0.00331972736670541	PH 1	awd
2.14838225935687e-07	0.552301406797554	0.744	0.478	0.00333858603104057	PH 1	Set
2.26906636091743e-07	0.465289994595903	0.449	0.163	0.00352612912486569	PH 1	CG42232
2.38458041839844e-07	0.495608612146521	0.359	0.111	0.00370563797019117	PH 1	sdt
2.6615204260467e-07	0.454109212542369	0.385	0.13	0.00413600274207657	PH 1	Cbp20
2.92128819528345e-07	0.319004129562388	0.269	0.063	0.00453968185547048	PH 1	Ski6
2.92220315299347e-07	0.636077643333594	0.667	0.407	0.00454110369975186	PH 1	Amun
3.08170595622872e-07	0.442002170301203	0.321	0.089	0.00478897105597944	PH 1	Map60
3.19975499300598e-07	0.396291769862915	0.308	0.081	0.00497241925913129	PH 1	gbb
3.28333644734268e-07	0.487270142993275	0.333	0.096	0.00510230483917052	PH 1	unc-13
3.57374655134187e-07	0.413409822406957	0.346	0.104	0.00555360214078526	PH 1	CG4455
3.63177702014508e-07	0.468546821820085	0.462	0.185	0.00564378148930546	PH 1	x16
3.78993128493587e-07	0.349531854206446	0.282	0.07	0.00588955321679034	PH 1	pck
4.40653745283286e-07	0.405734921355902	0.308	0.081	0.00684775920170227	PH 1	CoRest
4.85372951517478e-07	0.433869164656225	0.346	0.104	0.00754269566658161	PH 1	plum
5.1845957396449e-07	0.518863057866605	0.5	0.204	0.00805686177940817	PH 1	Gp150
5.48654158354348e-07	0.36232471241214	0.282	0.07	0.00852608562082656	PH 1	Evi5
6.55881914656659e-07	0.371576639231137	0.385	0.13	0.0101924049537645	PH 1	mRpS10
7.17691350949822e-07	0.558790239444974	0.436	0.174	0.0111529235937602	PH 1	RfC4
8.10776662437607e-07	0.634442034526636	0.603	0.304	0.0125994693342804	PH 1	CR42491
1.02793385627615e-06	0.492689861072391	0.679	0.419	0.0159740921265314	PH 1	Ssrp
1.19667179210322e-06	0.494958999095843	0.692	0.426	0.018596279649284	PH 1	RpII18
1.20696537886758e-06	0.513252279645088	0.808	0.681	0.0187562419876022	PH 1	Mapmodulin
1.21569742192889e-06	0.48847856621936	0.526	0.237	0.0188919379367749	PH 1	CG11076
1.21645120937956e-06	0.487781474011506	0.551	0.263	0.0189036517937584	PH 1	Top2
1.29230488077766e-06	0.297841896384984	0.346	0.111	0.0200824178472849	PH 1	Rcc1
1.35160760651485e-06	0.508459989674104	0.667	0.385	0.0210039822052408	PH 1	Droj2
1.52101797303965e-06	0.467274597225694	0.769	0.633	0.0236366193010362	PH 1	Su(var)205
1.54953457056453e-06	0.55925919176682	0.5	0.241	0.0240797672265728	PH 1	Uhg5
1.58768936274045e-06	0.417326766002948	0.372	0.13	0.0246726926969865	PH 1	l(2)06496
1.58938316209295e-06	0.538696428577106	0.795	0.615	0.0246990143389244	PH 1	Pabp2
1.6754898501531e-06	0.428088938525568	0.821	0.648	0.0260371122713791	PH 1	Trx-2
1.74722913332752e-06	0.494983941685491	0.628	0.341	0.0271519407319097	PH 1	hts
1.87974780068439e-06	0.345973152256638	0.346	0.115	0.0292112808226354	PH 1	CG12006
1.93710888294004e-06	0.456008249378585	0.821	0.648	0.0301026720408882	PH 1	CG7911
2.01406751191946e-06	0.370036444745594	0.295	0.085	0.0312986091352284	PH 1	Pli
2.01817967562486e-06	0.411238669686366	0.462	0.189	0.0313625121592104	PH 1	Eph
2.14347639054826e-06	0.466879342140397	0.308	0.096	0.03330962310912	PH 1	Slbp
2.19952892365617e-06	0.358454447982645	0.333	0.107	0.0341806794736169	PH 1	SRm160
2.25928461589551e-06	0.516628761137663	0.538	0.274	0.0351092829310162	PH 1	Uhg4
2.36705297631925e-06	0.497427182937747	0.859	0.774	0.0367840032520011	PH 1	rin
2.41266329235412e-06	0.46734708183519	0.705	0.407	0.037492787563183	PH 1	hoip
2.54349369280214e-06	0.317123070471277	0.974	0.781	0.0395258919861453	PH 1	fax
2.69092103443649e-06	0.365219236269353	0.346	0.115	0.041816912875143	PH 1	vari
2.73561295258321e-06	0.41962510205698	0.59	0.315	0.0425114252831431	PH 1	CG9253
2.75636134970192e-06	0.501401457533415	0.5	0.237	0.0428338553743678	PH 1	CG8188
2.85555216436548e-06	0.503143172802592	0.705	0.444	0.0443752806342396	PH 1	CG5554
2.92930979517111e-06	0.267300373644823	0.5	0.211	0.0455214742169591	PH 1	CG1648
3.03774994517229e-06	0.682293552874256	0.679	0.485	0.0472066341479774	PH 1	crol
3.43173775264248e-06	0.543136308819279	0.846	0.774	0.0533292046760642	PH 1	hdc
3.62342502216164e-06	0.295552846245694	0.269	0.074	0.0563080248443919	PH 1	U2af38
3.82515895455531e-06	0.497741884513617	0.897	0.759	0.0594429701537895	PH 1	Syp
3.99433306415866e-06	0.439796594274442	0.885	0.763	0.0620719358170256	PH 1	Nlp
4.05255313286491e-06	0.435434186480563	0.628	0.33	0.0629766756847207	PH 1	SmD1
4.32089176339446e-06	0.39288895520222	0.372	0.137	0.0671466580031499	PH 1	Cks30A
4.65641908389505e-06	0.446059896060574	0.769	0.585	0.072360752563729	PH 1	Hrb98DE
5.31524303322e-06	0.532607096701341	0.423	0.189	0.0825988767362388	PH 1	nmo
5.3239074610362e-06	0.421911630954859	0.487	0.215	0.0827335219445025	PH 1	Atx2
5.43263551718381e-06	0.348726732221641	0.564	0.27	0.0844231559370364	PH 1	stg
6.27079574319527e-06	0.412014959324747	0.436	0.185	0.0974481658492545	PH 1	CG10803
6.49741901459408e-06	0.386691005633767	0.936	0.952	0.100969891486792	PH 1	Hrb27C
6.74071779630127e-06	0.279524680629437	0.256	0.07	0.104750754554522	PH 1	kek5
6.99020194706741e-06	0.506705598086002	0.5	0.233	0.108627738257427	PH 1	EcR
7.21636753792878e-06	0.445338324059996	0.859	0.73	0.112142351539413	PH 1	Vap-33A
7.33106407817319e-06	0.403880950489539	0.397	0.156	0.113924735774811	PH 1	CG10555
7.52100497900542e-06	0.264650561699125	0.256	0.07	0.116876417373744	PH 1	yrt
7.85677705607626e-06	0.293157906119928	0.346	0.122	0.122094315451425	PH 1	28SrRNA-Psi:CR45859
8.32800868619737e-06	0.423456993293556	0.5	0.244	0.129417254983507	PH 1	U2af50
9.13439326451526e-06	0.448719441284093	0.295	0.1	0.141948471330567	PH 1	CR43334
9.35912004535589e-06	0.317354374506646	0.308	0.096	0.14544072550483	PH 1	CG3625
9.74260994784241e-06	0.299623494289893	0.321	0.107	0.151400158589471	PH 1	CG2147
9.89664701643096e-06	0.336485254143383	0.256	0.074	0.153793894635337	PH 1	mt:ATPase8
1.06679732933906e-05	0.426444529607172	0.346	0.133	0.16578030497929	PH 1	CG1785
1.08245289689437e-05	0.277294018541214	0.295	0.096	0.168213180177385	PH 1	CG8184
1.11282125652252e-05	0.478413708632203	0.41	0.17	0.172932423263599	PH 1	dom
1.11647533511098e-05	0.292728678960192	0.974	0.937	0.173500267076246	PH 1	Nacalpha
1.15975359122618e-05	0.384499316766155	0.333	0.119	0.180225708076548	PH 1	pyd
1.16160805491982e-05	0.440764434225193	0.718	0.474	0.18051389173454	PH 1	Nop60B
1.1840955241031e-05	0.378794754889607	0.372	0.137	0.184008444445622	PH 1	HP1b
1.20384168436831e-05	0.352861418713405	0.513	0.252	0.187076997750835	PH 1	ytr
1.23297274053853e-05	0.455070644282098	0.846	0.763	0.191603963879688	PH 1	Ran
1.24904252428961e-05	0.427910258028219	0.474	0.211	0.194101208274606	PH 1	Gprk1
1.28679463506402e-05	0.370970320908894	0.282	0.089	0.199967886288948	PH 1	CycB
1.40019141375906e-05	0.391077457504739	0.333	0.126	0.217589745698157	PH 1	Sirup
1.42639662271583e-05	0.470892119314511	0.256	0.078	0.22166203517004	PH 1	nuf
1.48921009534739e-05	0.503726888933457	0.641	0.37	0.231423248816984	PH 1	Diap1
1.60843911422775e-05	0.26035286552941	0.256	0.074	0.249951438350993	PH 1	dpa
1.65117719565983e-05	0.491280082923626	0.449	0.215	0.256592936205537	PH 1	Rrp1
1.66025721794212e-05	0.255237906939629	0.333	0.119	0.258003971668205	PH 1	Rae1
1.70084904842708e-05	0.434009631223236	0.462	0.211	0.264311942125568	PH 1	jigr1
1.73436461328807e-05	0.461362338358413	0.564	0.3	0.269520260904967	PH 1	CG44774
1.73568159234308e-05	0.365755604745162	0.333	0.119	0.269724919450115	PH 1	tud
1.76937890312112e-05	0.496218784791235	0.269	0.089	0.274961481545022	PH 1	fz
1.82031527989153e-05	0.488118340168869	0.436	0.204	0.282876994495144	PH 1	ubl
1.91867020331186e-05	0.394554931038098	0.333	0.122	0.298161349594663	PH 1	Spn88Ea
1.92330661298215e-05	0.461054593471242	0.462	0.219	0.298881847657426	PH 1	east
2.09181348881417e-05	0.436672948588744	0.397	0.174	0.325067816161722	PH 1	DnaJ-1
2.14197273097815e-05	0.718147707895457	0.385	0.163	0.332862562394005	PH 1	vir-1
2.28067342902467e-05	0.342693602647545	0.256	0.081	0.354416650870434	PH 1	dgt2
2.70259493161658e-05	0.457415162371635	0.436	0.2	0.419983252373217	PH 1	nrv2
2.72051362850867e-05	0.668953035095007	0.564	0.348	0.422767817870247	PH 1	fru
2.85441761571184e-05	0.390415510716588	0.269	0.089	0.44357649748162	PH 1	Paf-AHalpha
2.99481503686796e-05	0.354062657033775	0.333	0.13	0.465394256729281	PH 1	Top3beta
2.99931643494787e-05	0.472208108095068	0.462	0.241	0.466093773990898	PH 1	Crk
3.25603325870167e-05	0.462953837874343	0.385	0.167	0.50598756840224	PH 1	tou
3.40830053827769e-05	0.391894004403237	0.385	0.17	0.529649903648353	PH 1	polo
3.57137793267104e-05	0.326527415224682	0.372	0.152	0.55499213073708	PH 1	mod(mdg4)
3.64790714410826e-05	0.307836037421779	0.359	0.144	0.566884770194423	PH 1	Spf45
3.6500267094978e-05	0.405387052892448	0.449	0.219	0.567214150655959	PH 1	Srp54
3.84222081316477e-05	0.46870315239173	0.538	0.293	0.597081114365805	PH 1	endos
3.9018312793656e-05	0.450944347273682	0.295	0.111	0.606344580813414	PH 1	CG10395
4.05376302553049e-05	0.490464588148588	0.705	0.467	0.629954774167438	PH 1	Smr
4.1145019263725e-05	0.453717498712105	0.295	0.111	0.639393599358286	PH 1	pch2
4.22534965315358e-05	0.314578182089421	0.333	0.13	0.656619336100066	PH 1	twin
4.37946473381904e-05	0.442229666666465	0.321	0.126	0.680568819635479	PH 1	pcs
4.38483989897925e-05	0.423308209246341	0.628	0.37	0.681404120301376	PH 1	Nedd8
4.44996114812818e-05	0.578272261952861	0.692	0.556	0.69152396241912	PH 1	mt:ND6
4.46982880609259e-05	0.554095639853283	0.564	0.333	0.694611396466788	PH 1	CG15735
4.64116225710306e-05	0.402541256631019	0.308	0.111	0.721236614753815	PH 1	RfC38
4.7413164786792e-05	0.378601922301388	0.397	0.178	0.736800580786747	PH 1	Caf1-180
4.9577106157242e-05	0.465251834075195	0.808	0.696	0.770428229683541	PH 1	mt:ND3
5.10803020134524e-05	0.450033830025005	0.385	0.17	0.793787893289051	PH 1	E(bx)
5.15627786707562e-05	0.492103640602584	0.692	0.481	0.801285580543551	PH 1	gish
5.28313688956142e-05	0.502024796236403	0.321	0.133	0.820999472637845	PH 1	CG1103
5.31575243854467e-05	0.309312057102228	0.295	0.104	0.826067928949842	PH 1	CG11590
5.44063368524965e-05	0.381900574958289	0.333	0.137	0.845474474687796	PH 1	Incenp
5.49617389046827e-05	0.322476654793779	0.385	0.163	0.85410542257877	PH 1	HP5
5.61045070205307e-05	0.287117564437517	0.346	0.141	0.871864039099046	PH 1	CG7154
5.74467970007232e-05	0.333171608376612	0.5	0.256	0.892723225391239	PH 1	CG13096
5.9057642937383e-05	0.38211528432625	0.474	0.241	0.917755771246931	PH 1	arm
6.01532246373287e-05	0.407643523501878	0.321	0.126	0.934781110864087	PH 1	Acf1
6.39877011030835e-05	0.452241427573077	0.513	0.281	0.994368875141918	PH 1	CG10777
6.4864230895247e-05	0.408969442652533	0.269	0.093	1	PH 1	SMC5
6.49506909127079e-05	0.395289482621774	0.385	0.17	1	PH 1	CG8289
6.75181799366273e-05	0.41382392138935	0.5	0.267	1	PH 1	Nxt1
6.83130801251601e-05	0.297278772382973	0.256	0.085	1	PH 1	numb
7.29543762479584e-05	0.32808293589927	0.256	0.085	1	PH 1	mle
8.31462086264679e-05	0.276885740434555	0.256	0.085	1	PH 1	aru
8.36403068412899e-05	0.318988763649208	0.372	0.156	1	PH 1	Socs36E
8.49455278932905e-05	0.374229260681472	0.436	0.222	1	PH 1	CG9548
8.87598003689912e-05	0.43943433235606	0.731	0.537	1	PH 1	E2f1
8.98503035621487e-05	0.460399449315679	0.372	0.167	1	PH 1	su(Hw)
9.11694820231314e-05	0.352145982051469	0.538	0.296	1	PH 1	A2bp1
9.18876981001609e-05	0.363815412320268	0.59	0.348	1	PH 1	Aos1
9.32919677290299e-05	0.289084922521297	0.41	0.181	1	PH 1	Psi
9.3672468126619e-05	0.365401827939103	0.333	0.137	1	PH 1	CG14442
9.39804176728518e-05	0.421627249173484	0.731	0.541	1	PH 1	dUTPase
9.74024734712604e-05	0.458162724601647	0.577	0.344	1	PH 1	glo
9.95339134774095e-05	0.374203331633344	0.551	0.304	1	PH 1	Caf1
0.000102800551025393	0.304439548054261	0.308	0.119	1	PH 1	CG9246
0.00010299618795857	0.495596694398057	0.513	0.274	1	PH 1	aop
0.000104380333676617	0.470421320121327	0.603	0.404	1	PH 1	CG6767
0.000105089520413313	0.382690395869424	0.859	0.73	1	PH 1	akirin
0.000106660230366775	0.326347931615121	0.41	0.185	1	PH 1	mRpS21
0.000113956089358096	0.443380302689963	0.295	0.119	1	PH 1	CG6066
0.000120966113309422	0.448716015101214	0.423	0.215	1	PH 1	Rga
0.000125247878417027	0.411683914630657	0.577	0.363	1	PH 1	sle
0.000142006353914889	0.333538693946501	0.449	0.222	1	PH 1	lid
0.000143292307730437	0.408895374382548	0.795	0.667	1	PH 1	Tm1
0.000164392748664439	0.364632721482833	0.308	0.122	1	PH 1	SMC2
0.000165861861583327	0.289247420159476	0.385	0.17	1	PH 1	CG6693
0.000183075633355872	0.296811702752733	0.308	0.126	1	PH 1	CG32856
0.000188456713064946	0.321640869895725	0.295	0.119	1	PH 1	Actn
0.00019804618497162	0.438012963825424	0.667	0.467	1	PH 1	SmG
0.000201687124817031	0.513133444338253	0.526	0.326	1	PH 1	CaMKII
0.000207380383342628	0.319657815689958	0.397	0.181	1	PH 1	CG14210
0.000209944581934888	0.299393054709767	0.256	0.096	1	PH 1	CG9917
0.000214218221662123	0.433364765910504	0.474	0.259	1	PH 1	DCP2
0.000216574311430386	0.281240084537739	0.295	0.115	1	PH 1	CG12288
0.000218619548044039	0.265581465155012	0.282	0.107	1	PH 1	Snr1
0.000218718361331152	0.290573300210892	0.333	0.141	1	PH 1	Rok
0.000219582179876604	0.328373661583584	0.821	0.622	1	PH 1	eEF1delta
0.000224145126966418	0.37565548340047	0.423	0.211	1	PH 1	wde
0.000228774160013904	0.375017394692826	0.821	0.693	1	PH 1	CG1943
0.000229372825666531	0.338596739229565	0.782	0.674	1	PH 1	Pep
0.000233746227363454	0.388249271752852	0.41	0.204	1	PH 1	CG42231
0.000236630783507918	0.38274054328381	0.269	0.107	1	PH 1	cyp33
0.000237257785827337	0.271640427645407	0.833	0.611	1	PH 1	vig2
0.000243038515099225	0.280805116814194	0.885	0.822	1	PH 1	FK506-bp2
0.000245564675212749	0.342274410323997	0.756	0.578	1	PH 1	CkIalpha
0.000261561516208234	0.338300348929929	0.654	0.444	1	PH 1	bel
0.000264502165735794	0.414809448775001	0.333	0.152	1	PH 1	Det
0.000278023979555107	0.391521358523167	0.282	0.115	1	PH 1	Ibf2
0.000282027313671026	0.366352259476591	0.474	0.259	1	PH 1	Fs(2)Ket
0.000285598138453861	0.485113188533327	0.564	0.344	1	PH 1	Uch-L5
0.000288094283878048	0.400244117188234	0.603	0.381	1	PH 1	Tal
0.000289623550164659	0.273971938880828	0.449	0.226	1	PH 1	CG14434
0.000290885382732357	0.357233017127559	0.462	0.252	1	PH 1	CG3605
0.000314995225568598	0.299141339131467	0.987	0.985	1	PH 1	mt:Cyt-b
0.000325480040299246	0.353574354134442	0.359	0.17	1	PH 1	exd
0.000330213869468199	0.426520271666239	0.423	0.219	1	PH 1	mub
0.0003323197125404	0.390035735028226	0.41	0.219	1	PH 1	Bub3
0.000337527554552711	0.417420506304776	0.436	0.233	1	PH 1	CG11985
0.000353354528819766	0.314566189109328	0.615	0.385	1	PH 1	CG13298
0.000385578842568023	0.457563167578804	0.679	0.511	1	PH 1	Roc1a
0.000386881767438139	0.258915146188631	0.936	0.844	1	PH 1	CG16817
0.000391712242539068	0.32721585911919	0.603	0.341	1	PH 1	CG9922
0.000392120561299564	0.255205231914454	0.295	0.122	1	PH 1	dl
0.000393922822259189	0.302623299941593	0.359	0.17	1	PH 1	Uhg3
0.000398309046559636	0.38521562612012	0.5	0.281	1	PH 1	CG10638
0.000404920766286788	0.331961496765726	0.282	0.115	1	PH 1	Mink
0.00040672422792167	0.288277980972499	0.474	0.248	1	PH 1	Caper
0.000422155300435206	0.267700775234282	0.372	0.17	1	PH 1	CG11980
0.000423737454717156	0.267645134004807	0.449	0.23	1	PH 1	CG34159
0.000432058721290741	0.302973205904672	0.436	0.226	1	PH 1	CG15083
0.000446661641786927	0.306230294125573	0.346	0.163	1	PH 1	l(2)37Ce
0.000447283885264482	0.44895372572888	0.41	0.222	1	PH 1	HIP-R
0.000463906726506639	0.554523556967326	0.385	0.2	1	PH 1	CG12391
0.000473495230009144	0.487687839935101	0.564	0.341	1	PH 1	crp
0.000487486477421204	0.378826206462773	0.462	0.252	1	PH 1	Rbp1-like
0.000489429256633066	0.402988988694962	0.577	0.381	1	PH 1	rump
0.00050033367639756	0.372260518354457	0.333	0.156	1	PH 1	MED22
0.000512498660635022	0.434736322612628	0.321	0.144	1	PH 1	Drat
0.00052516633659462	0.27380498006384	0.397	0.196	1	PH 1	SP1173
0.000533318086342621	0.273447840192313	0.295	0.122	1	PH 1	WRNexo
0.000538048393742492	0.444821390097704	0.308	0.144	1	PH 1	Taf12
0.000538353909127268	0.560878863422417	0.808	0.7	1	PH 1	Hsp27
0.000547192145122839	0.366523554709818	0.282	0.119	1	PH 1	swm
0.000556708683197797	0.297942513082909	0.385	0.189	1	PH 1	CG41378
0.000557209257226887	0.290057530183859	0.667	0.459	1	PH 1	lark
0.000560427266489721	0.26582293995139	0.269	0.107	1	PH 1	AP-1mu
0.000561361114995816	0.40285740127839	0.564	0.363	1	PH 1	SmD3
0.000596710873952442	0.42986680986577	0.641	0.437	1	PH 1	wdb
0.000612291098158321	0.344670839245198	0.282	0.122	1	PH 1	Aef1
0.000628276092293524	0.422480138851986	0.397	0.204	1	PH 1	CG10543
0.000639543142832923	0.303752340503814	0.359	0.178	1	PH 1	CG4768
0.000651939896826451	0.313653065147537	0.5	0.274	1	PH 1	upSET
0.000659410649658023	0.495230660207174	0.551	0.363	1	PH 1	Rsf1
0.000680433370746109	0.283591291814759	0.269	0.111	1	PH 1	baz
0.000683285249739516	0.472835323343028	0.731	0.541	1	PH 1	pre-rRNA-Psi:CR45856
0.000685177396762989	0.258920411263507	0.744	0.589	1	PH 1	FK506-bp1
0.000718009888496706	0.419524065608249	0.526	0.33	1	PH 1	CG40228
0.000720973463283806	0.340242900018929	0.526	0.319	1	PH 1	Top1
0.000738785200121289	0.265306865205582	0.577	0.337	1	PH 1	SmF
0.000753393139950801	0.362098530062059	0.462	0.256	1	PH 1	RPA3
0.00075948330191874	0.361958862576846	0.487	0.296	1	PH 1	CG32767
0.000761684739056006	0.362998984811167	0.641	0.489	1	PH 1	kis
0.000801454035409785	0.362356320974466	0.538	0.333	1	PH 1	TfIIA-S
0.000845155498026623	0.354657137800814	0.436	0.244	1	PH 1	CG2924
0.000852467897257834	0.268329313248002	0.359	0.17	1	PH 1	Arl2
0.000882749988395731	0.287415449372932	0.59	0.367	1	PH 1	Uba1
0.00089545964452122	0.30397137763123	0.282	0.122	1	PH 1	CG6907
0.000901609859969953	0.344944854894974	0.59	0.381	1	PH 1	mago
0.000928718628941531	0.31620571642282	0.731	0.5	1	PH 1	Prosbeta3
0.000951641679072645	0.367233814129433	0.731	0.607	1	PH 1	Pp1-87B
0.000967836342367878	0.250729544440858	0.269	0.111	1	PH 1	dnk
0.000990149047836432	0.302532051462209	0.321	0.152	1	PH 1	enc
0.0010431397250682	0.277526509388333	0.397	0.196	1	PH 1	CG11563
0.00108961679666105	0.407958252793118	0.474	0.278	1	PH 1	gw
0.00109768240667596	0.262251728635569	0.321	0.144	1	PH 1	Rnp4F
0.00115699346988898	0.361716553664427	0.667	0.53	1	PH 1	Dek
0.00121677899562797	0.262479854689417	0.526	0.307	1	PH 1	emb
0.00121872550425181	0.338105634043707	0.449	0.252	1	PH 1	dod
0.00128298740312153	0.296117905034888	0.372	0.185	1	PH 1	pic
0.00129463610316944	0.400928751356353	0.487	0.296	1	PH 1	alphaTub84D
0.00131131943876412	0.371410294085933	0.654	0.522	1	PH 1	CG40045
0.00134787465741712	0.540234701795482	0.333	0.163	1	PH 1	CG42342
0.00136630954833408	0.359666624517164	0.372	0.193	1	PH 1	CG7668
0.00137607437684304	0.350765363175252	0.269	0.119	1	PH 1	BCAS2
0.00138800090028129	0.394043498660312	0.449	0.278	1	PH 1	CG7185
0.0013996158237349	0.334185605752408	0.872	0.781	1	PH 1	Jafrac1
0.0014350977830777	0.371796617113451	0.526	0.337	1	PH 1	18SrRNA-Psi:CR41602
0.00146744011167577	0.281675869481332	0.654	0.441	1	PH 1	La
0.00147863690838224	0.353618882775572	0.731	0.615	1	PH 1	yps
0.00149276586537735	0.263861731725315	0.385	0.196	1	PH 1	mus210
0.00159693472108288	0.29409197097106	0.59	0.396	1	PH 1	tral
0.00168462798506315	0.412490876373027	0.628	0.433	1	PH 1	tna
0.0017198869015883	0.25710753514695	0.526	0.315	1	PH 1	Uhg2
0.00172749736315618	0.265474889962427	0.603	0.381	1	PH 1	CG15019
0.00175787871665754	0.286297147553307	0.321	0.163	1	PH 1	pit
0.0017703902372125	0.278213176602799	0.385	0.2	1	PH 1	CG2199
0.00181103225079198	0.289659582372552	0.756	0.644	1	PH 1	SF2
0.00181412544656987	0.296814804961998	0.731	0.544	1	PH 1	Prosalpha4
0.00182906702208404	0.298545949118263	0.679	0.485	1	PH 1	Uev1A
0.00185308149211519	0.364038480648298	0.372	0.2	1	PH 1	CSN7
0.00185514744893935	0.322476618037597	0.449	0.263	1	PH 1	CycT
0.00189839611214793	0.283394245189508	0.462	0.27	1	PH 1	Mgstl
0.00190373326539361	0.298792569948472	0.59	0.389	1	PH 1	janA
0.0019182309407941	0.345586258440982	0.397	0.222	1	PH 1	Bin1
0.00197027480950022	0.335187998882223	0.5	0.322	1	PH 1	CG3226
0.00220602650388527	0.353637255205426	0.538	0.363	1	PH 1	CG9281
0.00224956239050028	0.339587636148625	0.308	0.156	1	PH 1	Nipped-A
0.00226855716273795	0.379837554010999	0.385	0.211	1	PH 1	CG11180
0.00238646958431583	0.371691953070624	0.782	0.8	1	PH 1	mt:ND1
0.00241515538518501	0.568593235346331	0.526	0.389	1	PH 1	br
0.00242358103788239	0.253592185081637	0.308	0.156	1	PH 1	CSN8
0.00247599013152071	0.262312028399666	0.346	0.181	1	PH 1	CG45049
0.00249532602447047	0.329515758633265	0.359	0.204	1	PH 1	CG8929
0.00257408916182019	0.253153159636348	0.333	0.167	1	PH 1	Dhfr
0.00270300518277836	0.410423418632812	0.474	0.33	1	PH 1	CG42336
0.00273669576990451	0.313241643577146	0.449	0.27	1	PH 1	Ssb-c31a
0.00280455120213509	0.364117394131155	0.5	0.348	1	PH 1	CG8223
0.00287728021872558	0.313206022372833	0.564	0.37	1	PH 1	nej
0.00292282710498223	0.289298371271437	0.564	0.393	1	PH 1	SC35
0.00310791066081905	0.421926742520732	0.359	0.2	1	PH 1	glu
0.00312790849826696	0.255364315771914	0.359	0.193	1	PH 1	TfIIS
0.00338032368220155	0.270196516466945	0.385	0.219	1	PH 1	CG17912
0.00356639413646304	0.258696845062631	0.346	0.189	1	PH 1	CG33671
0.00358117644142273	0.26963248342185	0.346	0.178	1	PH 1	Vps37B
0.00360611102334423	0.310665170726986	0.731	0.581	1	PH 1	Sod
0.00363376615232812	0.267343185305276	0.731	0.544	1	PH 1	RpL24-like
0.00371812900008163	0.322001564151326	0.654	0.511	1	PH 1	lwr
0.00371833978735664	0.346566817768654	0.423	0.259	1	PH 1	tws
0.00380759381809952	0.282249162548789	0.423	0.248	1	PH 1	osa
0.00382485907264859	0.31343462633212	0.641	0.467	1	PH 1	Dbp80
0.00384133422316263	0.40881661904638	0.526	0.359	1	PH 1	Rpn6
0.00385724500257726	0.28506553543279	0.513	0.33	1	PH 1	RpLP0-like
0.00391005557496727	0.386109163213992	0.346	0.193	1	PH 1	CG5151
0.00391984530466413	0.372320550142246	0.577	0.393	1	PH 1	CG5532
0.00397893739297238	0.278746787833717	0.321	0.167	1	PH 1	Claspin
0.0040901426762027	0.339356285479768	0.769	0.637	1	PH 1	Tim17b
0.00410760197601781	0.268897580601779	0.744	0.607	1	PH 1	CG10576
0.00434838829407096	0.339684270043634	0.513	0.337	1	PH 1	CG33170
0.0043960528506367	0.250097627928998	0.269	0.13	1	PH 1	Haspin
0.00448620374600328	0.334366250475957	0.346	0.193	1	PH 1	Bap60
0.00466283646255011	0.265180386638576	0.487	0.285	1	PH 1	PDCD-5
0.00497458270163979	0.320751622911025	0.705	0.556	1	PH 1	lola
0.00508980940825856	0.356092992153845	0.269	0.137	1	PH 1	GstE1
0.00523078457001592	0.304477392835792	0.59	0.407	1	PH 1	Rpn11
0.00546415765676918	0.286495287503567	0.487	0.322	1	PH 1	Fip1
0.00555584619496984	0.278721757464739	0.269	0.133	1	PH 1	CG16753
0.00556440607944847	0.327114132201091	0.654	0.533	1	PH 1	Hel25E
0.00559513401391445	0.253435234083677	0.295	0.152	1	PH 1	Nup98-96
0.00589779266016939	0.26159384997974	0.564	0.411	1	PH 1	Ref1
0.00636410844139676	0.273894858016322	0.269	0.13	1	PH 1	CG16903
0.00682051406212188	0.251080383448969	0.295	0.156	1	PH 1	loj
0.00699996828002535	0.302041809903542	0.564	0.378	1	PH 1	CG14464
0.00701125508275786	0.279723036466148	0.603	0.433	1	PH 1	CG41128
0.00712769519930901	0.290901434734968	0.372	0.226	1	PH 1	CG6937
0.00718908093382468	0.277676383845096	0.256	0.126	1	PH 1	CG1789
0.00750626458410226	0.427898945479072	0.333	0.193	1	PH 1	CLIP-190
0.00752646536542787	0.26471579830657	0.372	0.219	1	PH 1	CG3918
0.00791836691839897	0.260674583245479	0.551	0.381	1	PH 1	Rpn12
0.00798999066753102	0.272863966310608	0.41	0.248	1	PH 1	Su(var)2-HP2
0.0081567108905422	0.3424183145265	0.397	0.259	1	PH 1	CG8545
0.00872138437617587	0.252683956678811	0.295	0.156	1	PH 1	row
0.00892966794942596	0.278863887849989	0.397	0.244	1	PH 1	CR45874
0.00922467550956419	0.331480638390307	0.513	0.337	1	PH 1	alpha-Cat
0.00926075392494658	0.33054059090492	0.269	0.148	1	PH 1	Nup153
0.00937909561380606	0.328647577048814	0.397	0.252	1	PH 1	dlg1
0.00964805717982801	0.260108810076492	0.513	0.348	1	PH 1	CG11790
0.00970984034198765	0.281823931196769	0.333	0.193	1	PH 1	pzg
0.00991679193448006	0.324003349849951	0.359	0.219	1	PH 1	skd
2.49554335955027e-44	1.62561853022463	0.765	0.045	3.87807438074111e-40	PH 2	MtnA
1.37664694197671e-38	1.64238702808785	0.556	0	2.1393093478318e-34	PH 2	NimB3
9.72625331494207e-37	1.35055826540349	0.531	0	1.511459765142e-32	PH 2	Mal-A5
4.88674894147706e-35	2.12515321021869	0.815	0.176	7.59400785505535e-31	PH 2	LM408
2.49370569238868e-34	1.03161943229755	0.556	0.015	3.875218645972e-30	PH 2	cv-d
4.44894997609345e-32	1.4400353518164	0.481	0.004	6.91366826284923e-28	PH 2	loh
2.68760014085859e-30	1.18399447498523	0.556	0.034	4.17653061889426e-26	PH 2	egr
7.65313973459195e-29	0.973105270587126	0.494	0.019	1.18929791475559e-24	PH 2	CG33307
1.64318223364244e-27	0.787186795482674	1	0.985	2.55350519108035e-23	PH 2	sesB
2.96814916369852e-26	0.511951198432999	1	0.993	4.6125038003875e-22	PH 2	RpS20
1.12913886711172e-25	1.09902882028628	0.506	0.037	1.75468179949161e-21	PH 2	PGRP-SA
1.74882603857546e-24	0.838140754800673	0.444	0.022	2.71767566394626e-20	PH 2	CG10184
7.55609266946718e-24	1.26389213073285	0.444	0.026	1.1742168008352e-19	PH 2	Hand
1.14609402089026e-23	0.652264301945152	1	0.951	1.78103010846346e-19	PH 2	CG1746
1.26398874895256e-23	1.10275400870661	0.444	0.026	1.96423851587227e-19	PH 2	CG8317
1.66638430631011e-23	0.797000580223235	0.346	0	2.58956121200591e-19	PH 2	Mal-A6
7.4225936552394e-23	1.01310736479277	0.395	0.015	1.1534710540242e-18	PH 2	NimB2
3.32457692339607e-22	0.639453008180965	1	0.978	5.16639253895749e-18	PH 2	awd
8.0508363157097e-22	0.499916010652575	0.321	0	1.25109996346129e-17	PH 2	CG6018
4.00142034436238e-21	1.27371957228417	0.506	0.075	6.21820721513913e-17	PH 2	Zip99C
5.29725866950518e-21	1.00474692577928	0.901	0.36	8.23193997241105e-17	PH 2	Nop56
9.29688447324026e-20	0.831905467446906	0.938	0.644	1.44473584714154e-15	PH 2	Nap1
1.18643787681681e-19	0.932807993311033	0.815	0.277	1.84372446057332e-15	PH 2	NHP2
1.73574166077138e-19	0.520610443698568	0.321	0.007	2.69734254083872e-15	PH 2	CG3961
1.89918659990983e-19	0.626864334626387	0.346	0.015	2.95133597625987e-15	PH 2	CG32170
3.7985052210738e-19	0.574897093217004	0.296	0.004	5.90287711354868e-15	PH 2	CG7966
4.10335813227399e-19	0.961463505840926	0.914	0.532	6.37661853755377e-15	PH 2	CG11267
6.5555699972324e-19	1.35260426465651	0.926	0.742	1.01873557756991e-14	PH 2	CG42394
8.94282747879476e-19	0.968049117313449	0.58	0.131	1.3897153902047e-14	PH 2	CG15611
9.09407859252585e-19	1.01501346814934	0.753	0.262	1.41321981327852e-14	PH 2	Tina-1
5.09928582594467e-18	0.734563592366562	0.556	0.101	7.92429017351801e-14	PH 2	CG12910
1.37862604156173e-17	0.345452386086321	1	1	2.14238486858693e-13	PH 2	RpL10
3.14419282151876e-17	0.408605085489916	1	1	4.88607564464015e-13	PH 2	RpS2
6.2131161240369e-17	0.86007072617054	0.63	0.161	9.65518245675334e-13	PH 2	Gp150
6.55463147502235e-17	0.58279017349348	0.321	0.019	1.01858973121847e-12	PH 2	CG30456
1.10107008647541e-16	0.739869966040912	0.593	0.135	1.71106291438278e-12	PH 2	CG10512
1.13907422658225e-16	0.576087908941549	0.259	0.004	1.77012134810882e-12	PH 2	CG34355
1.40099404590085e-16	0.586238827650289	0.407	0.049	2.17714474732992e-12	PH 2	Pvr
1.84462632805135e-16	0.910268895294796	0.889	0.543	2.8665493137918e-12	PH 2	FK506-bp1
4.17889276444763e-16	0.583327381297611	0.975	0.869	6.49399935595162e-12	PH 2	ATPsyn-beta
4.91116220611683e-16	0.892762002330594	0.444	0.075	7.63194606830555e-12	PH 2	CG10433
6.28064753958542e-16	0.880379922160392	0.864	0.524	9.76012627651574e-12	PH 2	mod
9.86157147063065e-16	0.803727548664506	0.914	0.584	1.532488206536e-11	PH 2	vig2
1.01081307872111e-15	0.699467678922831	0.519	0.116	1.5708035243326e-11	PH 2	SpdS
1.86563812719321e-15	0.424184118565428	1	0.985	2.89920164965825e-11	PH 2	EF2
5.49484983542116e-15	0.733826445157452	0.494	0.109	8.53899664424448e-11	PH 2	CG17278
7.05336801039733e-15	0.319425337390329	1	1	1.09609338881574e-10	PH 2	RpL21
7.74087990304727e-15	0.877452294207406	0.728	0.296	1.20293273693355e-10	PH 2	CG7637
1.11438099211103e-14	0.955275915985908	0.79	0.378	1.73174806174054e-10	PH 2	hoip
1.16264790906633e-14	0.790371075484229	0.975	0.67	1.80675485068907e-10	PH 2	CG5210
1.34168983066079e-14	0.729816609817282	0.84	0.461	2.08498599684687e-10	PH 2	Hsp60
2.21776271934355e-14	0.519715277656201	0.42	0.067	3.44640326585987e-10	PH 2	CG32278
2.86021435300641e-14	0.464516494938524	1	0.978	4.44477310457196e-10	PH 2	Cyp1
2.91458099080064e-14	0.797749813903797	0.741	0.307	4.5292588597042e-10	PH 2	CG4038
3.01004285844326e-14	0.662054581492241	0.938	0.67	4.67760660202083e-10	PH 2	CoVb
3.171736185376e-14	0.654505885208266	0.741	0.27	4.92887803207431e-10	PH 2	Fib
5.64219389843225e-14	1.23353827412328	0.667	0.236	8.76796931816372e-10	PH 2	stg
5.69329548202709e-14	0.296624006550717	1	0.996	8.8473811790701e-10	PH 2	RpL14
6.80781739032831e-14	0.484177669343075	0.272	0.019	1.05793482245702e-09	PH 2	CG32512
7.30283530743719e-14	0.75595746777043	0.852	0.431	1.13486060677574e-09	PH 2	Nop60B
7.71212749752002e-14	0.768640779775207	0.593	0.176	1.19846461311461e-09	PH 2	CG15083
9.74313121789362e-14	0.2617808783427	1	1	1.51408259126067e-09	PH 2	RpL28
1.31807707998151e-13	0.574080704910451	0.951	0.715	2.04829178229126e-09	PH 2	levy
1.39958262084323e-13	0.489984700078268	0.259	0.015	2.17495139279037e-09	PH 2	Ubx
1.97610464628744e-13	0.283239521597921	1	1	3.07086662033068e-09	PH 2	RpS12
2.06163083192826e-13	0.731258084828056	0.679	0.27	3.20377431281651e-09	PH 2	P32
2.37450680416799e-13	0.293326574966508	1	1	3.68998357367705e-09	PH 2	RpL13A
4.69617870353813e-13	0.618950522556049	0.951	0.742	7.29786170529826e-09	PH 2	Nlp
7.02575799487289e-13	0.408792680703098	1	0.981	1.09180279240325e-08	PH 2	mt:CoI
7.6691976349318e-13	0.258381963859724	1	1	1.1917933124684e-08	PH 2	RpL18
9.20312724094602e-13	0.624149216758458	0.938	0.655	1.43016597324301e-08	PH 2	CG32230
1.13473783220652e-12	0.522545658802155	0.494	0.12	1.76338259124893e-08	PH 2	CG4866
1.29116902272021e-12	0.857272297702828	0.889	0.588	2.0064766613072e-08	PH 2	His3.3A
2.59673795907168e-12	0.278713925564408	1	0.996	4.03533078839739e-08	PH 2	RpL18A
3.619607649257e-12	0.395134157497142	0.383	0.067	5.62487028694537e-08	PH 2	CG32280
4.51998301144366e-12	0.591230715150101	0.617	0.232	7.02405359978345e-08	PH 2	EfTuM
4.84802420373246e-12	0.720743366026421	0.617	0.221	7.53382961260025e-08	PH 2	mRpL12
5.45016789032798e-12	0.31688664708297	1	0.989	8.46956090156968e-08	PH 2	RpLP0
5.71449999771808e-12	0.555300960903315	0.951	0.727	8.88033299645389e-08	PH 2	porin
6.77156026598018e-12	0.542314763080638	0.975	0.794	1.05230046533332e-07	PH 2	FK506-bp2
7.8944512196709e-12	0.487145179815891	1	0.963	1.22679771953686e-07	PH 2	mt:ATPase6
8.97278042867319e-12	0.266367743136505	1	1	1.39437007861581e-07	PH 2	RpS27A
1.05142326918881e-11	0.535907940390245	0.37	0.067	1.63391176031941e-07	PH 2	Jheh1
1.32310487922632e-11	0.557292578954778	0.469	0.124	2.0561049823177e-07	PH 2	CG7845
1.48717240817574e-11	0.798132385203511	0.79	0.468	2.3110659223051e-07	PH 2	dm
1.49965726593264e-11	0.660094894380115	0.889	0.491	2.33046739125932e-07	PH 2	Neb-cGP
1.50213621038868e-11	0.289425834642916	1	1	2.334319670944e-07	PH 2	RpL6
2.21719227384953e-11	0.257016276628886	1	1	3.44551679356216e-07	PH 2	RpS3
2.85914183581949e-11	0.74008520235148	0.728	0.367	4.44310641286349e-07	PH 2	Aldh
2.90703925631537e-11	0.474227365318936	0.963	0.85	4.51753900431409e-07	PH 2	blw
2.98164881861853e-11	0.564621033739188	0.901	0.547	4.63348226413319e-07	PH 2	CG30415
3.03078269584821e-11	0.644174118172188	0.827	0.442	4.70983630934811e-07	PH 2	nop5
3.34357002030632e-11	0.666253479001481	0.432	0.116	5.19590781155603e-07	PH 2	GlcAT-P
6.47625797988167e-11	0.625040344684951	0.802	0.457	1.00641049007361e-06	PH 2	Tom7
6.938147107107e-11	0.517947270121001	0.938	0.704	1.07818806044443e-06	PH 2	ATPsyn-d
7.08530272977253e-11	0.302741740898823	1	0.996	1.10105604420665e-06	PH 2	RpS21
9.57916736643444e-11	0.319977708661555	1	1	1.48860260874391e-06	PH 2	RpL41
1.10760010359519e-10	0.59839080299508	0.852	0.506	1.72121056098692e-06	PH 2	RpL24-like
1.25288083610618e-10	0.700559832611281	0.679	0.315	1.94697681930901e-06	PH 2	CG9922
1.74709322567377e-10	0.404995812198864	0.988	0.974	2.71498287269703e-06	PH 2	mt:CoII
1.76518601820668e-10	0.507143145848392	0.395	0.094	2.74309907229319e-06	PH 2	CG31705
1.77653101825715e-10	0.260674328491482	1	0.996	2.76072920237161e-06	PH 2	RpS7
1.80603013042402e-10	0.277454805069854	1	1	2.80657082267893e-06	PH 2	RpL38
1.86642691273511e-10	0.270907990388482	1	1	2.90042742239036e-06	PH 2	RpL30
1.95108840980074e-10	0.566451650587213	0.432	0.116	3.03199138883036e-06	PH 2	Oat
2.01280293786654e-10	0.653623176096031	0.79	0.517	3.1278957654446e-06	PH 2	Nurf-38
2.14941092317335e-10	0.605245942028663	0.914	0.644	3.34018457461139e-06	PH 2	CG3321
2.39138542803476e-10	0.597361261290682	0.914	0.618	3.71621295516602e-06	PH 2	CG7911
2.44771782949996e-10	0.452067558106666	0.481	0.139	3.80375350704294e-06	PH 2	CG30349
2.61219029491873e-10	0.565816202925428	0.914	0.704	4.05934371830371e-06	PH 2	l(2)06225
3.01383624783112e-10	0.381567624072741	1	0.929	4.68350152912955e-06	PH 2	Nacalpha
3.37581277576508e-10	0.394019227497891	0.975	0.899	5.24601305353893e-06	PH 2	bic
3.81738731908064e-10	0.550414694163587	0.951	0.64	5.93221989385131e-06	PH 2	ATPsyn-gamma
3.87215772457248e-10	0.2527769686692	1	0.996	6.01733310398563e-06	PH 2	RpS30
4.51372512290449e-10	0.305722355934277	1	0.989	7.01432884099358e-06	PH 2	RpL3
5.65168489855321e-10	0.639961696433397	0.753	0.397	8.78271833235169e-06	PH 2	Ahcy13
6.48390267439798e-10	0.489629725284989	0.481	0.154	1.00759847560145e-05	PH 2	Ns1
6.87534389666771e-10	0.382702217811481	0.407	0.097	1.06842844154216e-05	PH 2	ppan
7.16662729059294e-10	0.418727696660379	0.79	0.36	1.11369388095814e-05	PH 2	CG13117
7.26632618826256e-10	0.558209293608054	0.889	0.674	1.129187089656e-05	PH 2	ATPsyn-Cf6
7.7217075864772e-10	0.547455366057138	0.395	0.105	1.19995335893856e-05	PH 2	Eap
8.40144578990884e-10	0.482193470889966	0.272	0.041	1.30558467575183e-05	PH 2	odd
9.83248753745852e-10	0.548035151752793	0.889	0.592	1.52796856332105e-05	PH 2	CG7630
1.1162996562553e-09	0.5644078404907	0.691	0.341	1.73472966582073e-05	PH 2	Acon
1.23357563315959e-09	0.511473844082925	0.667	0.288	1.91697653393e-05	PH 2	Tim10
1.26115235217842e-09	0.549172298956432	0.556	0.21	1.95983075528526e-05	PH 2	CG8545
1.43331166812545e-09	0.327707462713863	1	0.978	2.22736633226694e-05	PH 2	RpL4
1.47317391370497e-09	0.338484757460399	1	0.981	2.28931226189753e-05	PH 2	mt:Cyt-b
1.5452079044445e-09	0.517924673729933	0.938	0.843	2.40125308350676e-05	PH 2	CG16817
2.01235477021499e-09	0.553459232629536	0.37	0.097	3.1271993129141e-05	PH 2	l(1)G0004
2.23479300478108e-09	0.549660431089494	0.481	0.161	3.4728683294298e-05	PH 2	Myo31DF
2.2788123764824e-09	0.552401898260822	0.259	0.041	3.54127443305365e-05	PH 2	Idgf2
2.69851355443762e-09	0.532921838243108	0.469	0.157	4.19349006359606e-05	PH 2	Cchl
2.73872826479696e-09	0.500844642025835	0.531	0.187	4.25598372349447e-05	PH 2	Dph5
2.91234670096666e-09	0.492927860878561	0.716	0.345	4.52578677330219e-05	PH 2	CG15019
3.07737202519725e-09	0.585622096105	0.333	0.079	4.78223612715653e-05	PH 2	CG6656
3.33712343850435e-09	0.48775987667987	0.654	0.303	5.18588982343577e-05	PH 2	und
3.51762062821468e-09	0.263486569104697	1	0.996	5.46638245624561e-05	PH 2	RpS9
4.07829630026841e-09	0.496082381287036	0.716	0.352	6.33767245061711e-05	PH 2	CG7048
4.35073125318633e-09	0.594801428459713	0.716	0.39	6.76103636745155e-05	PH 2	Mdh2
5.18030036018722e-09	0.519497869141038	0.358	0.094	8.05018675973095e-05	PH 2	mRpL39
6.83244709986469e-09	0.65529483755514	0.568	0.232	0.000106176227931897	PH 2	CG13096
9.62512305254494e-09	0.526984704973604	0.593	0.251	0.000149574412236548	PH 2	Hsc70-5
9.81104609776366e-09	0.583971223445362	0.84	0.588	0.000152463656359247	PH 2	CoVIII
1.1782911959978e-08	0.625312745903647	0.765	0.479	0.000183106451858057	PH 2	vig
1.18969851528711e-08	0.353495974619888	0.358	0.094	0.000184879149275617	PH 2	Aats-ile
1.21920645351491e-08	0.513327070955399	0.827	0.472	0.000189464682876218	PH 2	Tom20
1.4177188379292e-08	0.438024312967853	0.432	0.139	0.000220313507414197	PH 2	CG7006
1.43885318054406e-08	0.437499362981571	0.296	0.064	0.000223597784256546	PH 2	CG4300
1.51499132007458e-08	0.489466515188216	0.827	0.487	0.00023542965113959	PH 2	Gapdh1
1.5567696979417e-08	0.353153824388441	0.296	0.064	0.00024192201106014	PH 2	CG5522
1.60526787862858e-08	0.468179585406076	0.407	0.124	0.000249458628338882	PH 2	CTPsyn
1.61067041993268e-08	0.398460503359682	1	0.876	0.000250298183257539	PH 2	smt3
1.64140996690366e-08	0.426432845732167	0.63	0.281	0.00025507510885683	PH 2	Uhg2
1.64372482609965e-08	0.439312279471512	0.383	0.112	0.000255434837975886	PH 2	Nnp-1
1.89301783724363e-08	0.531043349184052	0.877	0.603	0.00029417497190766	PH 2	eEF1delta
2.04864151911566e-08	0.293508853474182	1	1	0.000318358892070573	PH 2	RpL39
2.14246588428762e-08	0.529524888471667	0.531	0.21	0.000332939198418296	PH 2	eIF6
2.54766261402578e-08	0.525928444359017	0.543	0.225	0.000395906770219606	PH 2	Su(P)
2.56646637456176e-08	0.341583842520041	0.309	0.071	0.000398828874606897	PH 2	CG15561
2.70714832946934e-08	0.60125217106877	0.691	0.367	0.000420690850399536	PH 2	Gdh
2.86218830715532e-08	0.501429870249471	0.753	0.419	0.000444784062931936	PH 2	eIF-3p66
2.90518214547876e-08	0.501756395930604	0.753	0.468	0.000451465305407399	PH 2	REG
2.98448448487334e-08	0.461157417387203	0.346	0.094	0.000463788888949318	PH 2	CG1542
3.79155080455391e-08	0.385872552217103	0.444	0.154	0.000589206995027677	PH 2	CG5323
4.0069781373844e-08	0.498262276013628	0.543	0.225	0.000622684402549535	PH 2	pont
4.18274637474338e-08	0.487773144955393	0.667	0.303	0.000649998786635121	PH 2	CG15093
4.50207958785692e-08	0.564613976128949	0.506	0.21	0.000699623167952965	PH 2	CG34200
4.74649771480118e-08	0.377407344132982	0.457	0.161	0.000737605744880103	PH 2	CG14210
4.88669886938656e-08	0.423178572679865	0.914	0.742	0.000759393004302671	PH 2	Ran
4.99784776036817e-08	0.431019699237746	0.704	0.326	0.000776665541961214	PH 2	Pen
5.09167671189293e-08	0.451138445637536	0.481	0.184	0.000791246561028161	PH 2	CG10565
5.10937728293303e-08	0.418910848899013	0.37	0.112	0.000793997229767792	PH 2	l(2)09851
5.18275231024787e-08	0.321078133884036	0.358	0.101	0.000805399709012519	PH 2	mRpS35
5.47058587432808e-08	0.546251137443454	0.741	0.453	0.000850129044870584	PH 2	Phb2
5.64216720308093e-08	0.441669031254528	0.432	0.15	0.000876792783358776	PH 2	mRpS7
6.08692407504718e-08	0.455301667720149	0.889	0.712	0.000945908001262332	PH 2	CG9603
6.7059223544629e-08	0.449289192653153	0.926	0.667	0.00104210033388353	PH 2	CoIV
7.26390258700808e-08	0.490286118164691	0.605	0.288	0.00112881046202106	PH 2	AdSS
7.38399132285141e-08	0.433495001828558	0.802	0.494	0.00114747225157111	PH 2	CG6543
7.51512650723143e-08	0.383374741886124	0.42	0.135	0.00116785065922376	PH 2	gb
7.877832660763e-08	0.501592784378868	0.852	0.573	0.00122421519548257	PH 2	CG10576
8.36196345816463e-08	0.348053057541811	0.407	0.135	0.00129944912139878	PH 2	r-l
8.85962204484066e-08	0.533317643748261	0.778	0.491	0.00137678526576824	PH 2	RFeSP
8.89659984371232e-08	0.447988619847559	0.901	0.719	0.00138253161571289	PH 2	CG4692
9.12111860966851e-08	0.353675495417666	0.358	0.101	0.00141742183194249	PH 2	mRpL13
9.69202164310154e-08	0.566274493799707	0.728	0.397	0.00150614016333798	PH 2	CG3731
1.01726687034582e-07	0.4067852129111	0.901	0.633	0.0015808327165174	PH 2	ATPsyn-b
1.06183176380909e-07	0.421753989635059	0.877	0.674	0.00165008656095933	PH 2	Adk2
1.12015556055942e-07	0.430211824580858	0.42	0.146	0.00174072174110934	PH 2	mRpS28
1.12429513712313e-07	0.525178078084378	0.704	0.423	0.00174715464308935	PH 2	CG5642
1.19226635714389e-07	0.39801758263898	0.593	0.262	0.00185278191900161	PH 2	alphaTub84D
1.44051713929142e-07	0.483812849279031	0.42	0.146	0.00223856363445887	PH 2	mRpL36
1.44923793225487e-07	0.400608717174938	0.42	0.142	0.00225211574672407	PH 2	dlp
1.52547891677728e-07	0.432600244806129	0.321	0.09	0.00237059423667189	PH 2	CG11555
1.53861392358468e-07	0.414435772170585	0.432	0.154	0.0023910060372506	PH 2	mRpL30
1.56097496121226e-07	0.467780368949901	0.889	0.625	0.00242575508972385	PH 2	Trx-2
1.56332159902877e-07	0.395469051537084	0.358	0.112	0.00242940176489071	PH 2	LanB2
1.60779818517901e-07	0.309739116577505	0.395	0.127	0.00249851837976818	PH 2	Ten-a
1.80879681503301e-07	0.270401467960111	0.272	0.06	0.00281087025056129	PH 2	CG3335
1.80928667652488e-07	0.478279676391071	0.358	0.112	0.00281163149531966	PH 2	CG8003
1.85215097663957e-07	0.406805314337726	0.333	0.097	0.00287824261769789	PH 2	mRpL18
2.10259432095637e-07	0.428434815924943	0.383	0.124	0.00326743157476619	PH 2	eater
2.16320860226963e-07	0.40813462467565	0.617	0.288	0.003361626167927	PH 2	CG3192
2.56596733406944e-07	0.438374030768489	0.407	0.15	0.0039875132371439	PH 2	Non3
2.67168103636445e-07	0.506828350485526	0.395	0.131	0.00415179233051035	PH 2	CG43210
2.81851874943243e-07	0.47141641030766	0.272	0.067	0.004379978136618	PH 2	CG7506
2.97431831238319e-07	0.434330235116204	0.617	0.307	0.00462209065744347	PH 2	Cisd2
3.09697533517772e-07	0.500794559358544	0.815	0.539	0.00481269967086617	PH 2	CG7033
3.10755772669322e-07	0.376487938657284	0.296	0.079	0.00482914470728127	PH 2	Rrp4
3.26107747992272e-07	0.335477495751203	0.407	0.142	0.00506771440379991	PH 2	CG18178
3.28439910254736e-07	0.470741358709154	0.494	0.217	0.0051039562053586	PH 2	Thor
3.53630141906385e-07	0.340260623969419	0.309	0.086	0.00549541240522523	PH 2	CG15027
3.65574528734557e-07	0.427308138529662	0.469	0.184	0.00568102817653502	PH 2	CG11180
4.35019541994427e-07	0.397213620467416	0.827	0.543	0.0067602036825934	PH 2	CG2862
4.36890694313858e-07	0.32916433829027	0.963	0.85	0.00678928138963736	PH 2	RpL34a
4.44253116102506e-07	0.35485478825441	0.321	0.09	0.00690369342423295	PH 2	NetB
4.55967624374185e-07	0.438742832420243	0.531	0.236	0.00708573688277483	PH 2	mtSSB
4.81908980951875e-07	0.440181162499637	0.654	0.315	0.00748886556399214	PH 2	CG32267
4.82543999229892e-07	0.38516234253309	0.296	0.082	0.00749873374803252	PH 2	CG30373
4.86450782486518e-07	0.463217814554114	0.568	0.262	0.00755944515984049	PH 2	Tim8
5.04167530267874e-07	0.251646792231833	0.988	0.97	0.00783476342036277	PH 2	Ef1gamma
5.09741379173132e-07	0.473390951294352	0.346	0.112	0.00792138103235048	PH 2	CG14543
5.64213127818251e-07	0.482681619858224	0.667	0.367	0.00876787200629562	PH 2	Prx3
5.66110934386826e-07	0.388343480680448	0.321	0.097	0.00879736392037127	PH 2	CG14407
6.30428353825674e-07	0.429614182809435	0.753	0.446	0.00979685661845097	PH 2	CG31337
6.4467656901275e-07	0.53328099506673	0.778	0.524	0.0100182738824581	PH 2	CG14715
6.60426382591231e-07	0.340987935264804	0.309	0.09	0.0102630259854677	PH 2	mbm
6.64632049571142e-07	0.438651842510044	0.568	0.251	0.0103283820503355	PH 2	CG42455
6.85964809711084e-07	0.270879524038805	0.259	0.064	0.0106598931429103	PH 2	mRpL9
8.03502951894553e-07	0.388874941194946	0.444	0.18	0.0124864358724413	PH 2	CG11563
8.25447751509214e-07	0.440426066045002	0.407	0.154	0.0128274580584532	PH 2	mRpL55
8.57437294401045e-07	0.457141356927406	0.309	0.094	0.0133245755549922	PH 2	mRpL16
8.90583030443913e-07	0.446808849954311	0.864	0.629	0.0138396602930984	PH 2	Oscp
8.98894738987537e-07	0.362104203305798	0.481	0.191	0.0139688242438663	PH 2	CG6937
9.25526353068895e-07	0.332952290738853	0.432	0.161	0.0143826795266906	PH 2	alien
9.28158829605251e-07	0.445686102039236	0.864	0.738	0.0144235882120656	PH 2	eIF-2beta
1.0244343992257e-06	0.4348394064401	0.383	0.135	0.0159197105639674	PH 2	mRpL4
1.02517422365068e-06	0.542940553761485	0.642	0.371	0.0159312074355316	PH 2	SmE
1.10143195321574e-06	0.632476906410253	0.531	0.277	0.0171162525529726	PH 2	CG34132
1.10396924230237e-06	0.300591257567172	0.259	0.064	0.0171556820253789	PH 2	CG8010
1.15849771228133e-06	0.367353891281032	0.617	0.33	0.0180030544488519	PH 2	l(1)G0255
1.23502235107772e-06	0.428324216581265	0.37	0.131	0.0191922473357478	PH 2	CG6712
1.38809214833694e-06	0.536468862380843	0.864	0.719	0.021570951985156	PH 2	bun
1.39403165960611e-06	0.452508977221672	0.272	0.075	0.021663251990279	PH 2	CG12134
1.42200983492078e-06	0.495852517157531	0.679	0.397	0.022098032834669	PH 2	l(3)neo18
1.44156315800029e-06	0.311758520867622	0.272	0.075	0.0224018914753245	PH 2	bor
1.45795795122694e-06	0.501263616032968	0.494	0.228	0.0226566665620666	PH 2	CG33713
1.48497257403507e-06	0.276008702731746	0.506	0.195	0.0230764738005049	PH 2	E(spl)m3-HLH
1.68420569996454e-06	0.335280187287867	0.321	0.101	0.026172556577449	PH 2	CG30118
1.75105020377453e-06	0.433637829937077	0.877	0.659	0.0272113201666562	PH 2	Ucrh
1.76890896439631e-06	0.436929919882673	0.309	0.097	0.0274888453067186	PH 2	AdenoK
1.77368912135761e-06	0.367288065624549	0.654	0.341	0.0275631289458973	PH 2	Sam-S
1.78969977238844e-06	0.3591495751538	0.42	0.154	0.0278119344629164	PH 2	Rpb5
1.85833288233745e-06	0.432926995223625	0.691	0.375	0.028878492991524	PH 2	CG6767
1.96875249592214e-06	0.460015226404526	0.864	0.614	0.0305944137866301	PH 2	Cyt-c-p
1.99735672122598e-06	0.439865164575533	0.827	0.599	0.0310389234478517	PH 2	Mpcp
2.0897061106444e-06	0.481912100848588	0.494	0.228	0.032474032959414	PH 2	LanA
2.13662926112151e-06	0.391216206991683	0.827	0.618	0.0332032187178282	PH 2	Tim17b
2.17860007822542e-06	0.296410776204253	0.395	0.139	0.033855445215623	PH 2	pit
2.1919441211926e-06	0.385663692076864	0.42	0.161	0.034062811643333	PH 2	Surf6
2.33975953840636e-06	0.32649645285943	0.383	0.139	0.0363598632268349	PH 2	Nopp140
2.40067290653684e-06	0.256421662907315	1	0.989	0.0373064569675825	PH 2	RpL29
2.40522403193447e-06	0.382908018887589	0.358	0.131	0.0373771814562616	PH 2	CG7394
2.47470041663075e-06	0.387486669461364	0.778	0.509	0.0384568444744419	PH 2	CG13364
2.57631650645502e-06	0.483515112445507	0.543	0.262	0.0400359585103109	PH 2	CG8680
2.67320565842038e-06	0.395793534702439	0.383	0.142	0.0415416159318527	PH 2	CG4806
2.80588927160263e-06	0.417734248676936	0.58	0.288	0.0436035192807049	PH 2	SdhB
2.81856704958101e-06	0.392074057281067	0.556	0.266	0.0438005319504889	PH 2	Tom40
3.07217817462523e-06	0.443744153630728	0.42	0.172	0.0477416488336761	PH 2	128up
3.15066950485715e-06	0.32359459187802	0.272	0.079	0.0489614041054802	PH 2	Bka
3.20403072828742e-06	0.542589914060672	0.531	0.27	0.0497906375175866	PH 2	LanB1
3.29223173572808e-06	0.452569146381007	0.716	0.449	0.0511612811732144	PH 2	SmG
3.39166972915321e-06	0.320917671078674	0.383	0.142	0.0527065475910408	PH 2	Mys45A
3.63853860139333e-06	0.422166011601943	0.864	0.637	0.0565428898656523	PH 2	sun
3.68979938391342e-06	0.260662447013563	1	0.981	0.0573394824260146	PH 2	mt:CoIII
3.80865296236124e-06	0.286812477695381	0.284	0.082	0.0591864670350937	PH 2	mRpL41
3.98447665528639e-06	0.297558011182228	0.346	0.12	0.0619187672231505	PH 2	CG4593
4.09591086451363e-06	0.338943687920348	0.605	0.3	0.0636504548345419	PH 2	CG8635
4.21028034700725e-06	0.444159746330345	0.395	0.165	0.0654277565924926	PH 2	CG7519
4.36467133828601e-06	0.461406407285882	0.568	0.3	0.0678269925969646	PH 2	NDUFS3
4.54961659298273e-06	0.356849794736119	0.333	0.116	0.0707010418549516	PH 2	CG5033
4.84381163377029e-06	0.317300891332899	0.296	0.097	0.0752728327887903	PH 2	CG7182
5.12756598590006e-06	0.366978894710051	0.321	0.109	0.079682375420887	PH 2	CG32344
5.25640039247217e-06	0.405360278189862	0.691	0.39	0.0816844620990175	PH 2	CG18081
5.38546163317365e-06	0.426025518242345	0.802	0.554	0.0836900737795186	PH 2	mtacp1
5.49187000824814e-06	0.278278809426323	0.407	0.154	0.085343659928176	PH 2	mRpS18A
6.55016240749777e-06	0.423449969192207	0.778	0.536	0.101789523812515	PH 2	CG7580
6.80091189665389e-06	0.26391544289196	0.259	0.075	0.105686170874002	PH 2	CG11899
7.28747274067334e-06	0.376804690751702	0.519	0.255	0.113247326390064	PH 2	Aats-tyr
7.37003827552989e-06	0.347294869439728	0.358	0.135	0.114530394801735	PH 2	Cat
7.6665338140859e-06	0.410530777250258	0.383	0.154	0.119137935470895	PH 2	l(2)tid
7.71413726387082e-06	0.415334167780212	0.37	0.142	0.119877693080553	PH 2	IP3K1
7.84608785633503e-06	0.418897723558591	0.679	0.397	0.121928205287446	PH 2	CG7920
8.01146843355584e-06	0.299913381654369	0.395	0.157	0.124498219457458	PH 2	mRpL51
8.05962467265775e-06	0.420263379414789	0.481	0.225	0.125246567413101	PH 2	tko
8.46571396991649e-06	0.409016257484928	0.877	0.67	0.131557195092502	PH 2	CoVa
8.58318120355398e-06	0.333298065823515	0.827	0.536	0.133382635903229	PH 2	CG1707
8.89236538473918e-06	0.346095200921973	0.309	0.109	0.138187358078847	PH 2	CG12288
9.06456318283447e-06	0.29695206612416	0.321	0.109	0.140863311861248	PH 2	mRpL17
9.53635782569567e-06	0.274602214839707	0.37	0.142	0.148195000611311	PH 2	mRpL45
9.78051299864269e-06	0.347683906705843	0.444	0.202	0.151989171998907	PH 2	Aats-lys
9.89497645420883e-06	0.464161447670495	0.296	0.101	0.153767934098405	PH 2	vito
1.00290210130052e-05	0.276051454779051	0.469	0.202	0.155850986542101	PH 2	Rpb8
1.00777312223902e-05	0.27601021632357	0.358	0.127	0.156607943195944	PH 2	Galt
1.02350476281501e-05	0.327493022957896	0.321	0.116	0.159052640141452	PH 2	mRpS14
1.17449416613679e-05	0.337213216462793	0.667	0.371	0.182516393417658	PH 2	SmB
1.32820724253049e-05	0.326919386000208	0.321	0.116	0.206403405489237	PH 2	CG13630
1.49908221888808e-05	0.311970580327961	0.284	0.094	0.232957376815208	PH 2	CG2982
1.56893297006172e-05	0.406908902757958	0.79	0.506	0.243812183547591	PH 2	CG5010
1.68363813098721e-05	0.414353485785758	0.543	0.3	0.261637365555413	PH 2	Rpb10
1.87123714343931e-05	0.327332167361208	0.42	0.18	0.290790252090469	PH 2	Aats-his
1.9326463750897e-05	0.310027526265551	0.259	0.082	0.30033324668894	PH 2	CG42358
1.98437332400824e-05	0.391881012560438	0.815	0.494	0.308371614550881	PH 2	Tsp42Ee
2.02752591600086e-05	0.353076649511124	0.37	0.15	0.315077527346534	PH 2	mRpL23
2.06387482496307e-05	0.370138621275028	0.63	0.345	0.32072614779926	PH 2	l(3)01239
2.08787747509487e-05	0.319058397586906	0.321	0.12	0.324456159629743	PH 2	mRpL54
2.17998682697194e-05	0.377859076473579	0.617	0.318	0.338769952911439	PH 2	E(spl)mbeta-HLH
2.23553711747576e-05	0.32352967032783	0.432	0.191	0.347402468055733	PH 2	CG12304
2.29649453627628e-05	0.321186178974512	0.296	0.105	0.356875250937334	PH 2	CG5377
2.30570565548074e-05	0.296310894804847	0.37	0.15	0.358306658861707	PH 2	CG3420
2.38279129586062e-05	0.341101904387933	0.42	0.187	0.37028576737674	PH 2	CG2199
2.39572757527918e-05	0.332902049683885	0.568	0.292	0.372296065198384	PH 2	CG11444
2.42440248369319e-05	0.410652124231515	0.296	0.105	0.376752145965922	PH 2	FeCH
2.4307322463686e-05	0.378760108425879	0.333	0.131	0.37773579108568	PH 2	mRpL1
2.48099547517665e-05	0.290669181499016	0.296	0.101	0.385546696842451	PH 2	mRpL10
2.51185839333046e-05	0.371584951458907	0.272	0.09	0.390342794323553	PH 2	CG9286
2.52911443946674e-05	0.361663774627307	0.42	0.187	0.393024383893131	PH 2	SP1173
2.56997923869851e-05	0.513105543646188	0.519	0.296	0.399374773693749	PH 2	Sgt
2.59370872986722e-05	0.336927816293315	0.395	0.172	0.403062336621366	PH 2	CG8235
2.69682260805475e-05	0.27180365843787	0.272	0.09	0.419086233291708	PH 2	CG7338
2.70034470306361e-05	0.334615512175502	0.543	0.27	0.419633566856084	PH 2	CG11858
2.81874626875341e-05	0.310202422938687	0.926	0.659	0.43803317016428	PH 2	mt:ND3
2.83182462715755e-05	0.278076167586639	0.654	0.363	0.440065547060283	PH 2	Tal
2.97352387781299e-05	0.347868436754211	0.765	0.528	0.462085610612138	PH 2	dUTPase
3.18040116520643e-05	0.268725306256526	0.84	0.581	0.494234341073079	PH 2	yps
3.2272779259212e-05	0.345269907804476	0.543	0.273	0.501518989688154	PH 2	Aats-thr
3.28677409813432e-05	0.312007887850202	0.63	0.341	0.510764694850073	PH 2	CG3760
3.39534236835876e-05	0.391268371917727	0.469	0.236	0.527636204042952	PH 2	mge
3.67116436435544e-05	0.355516266453165	0.593	0.333	0.570498942220835	PH 2	CG7430
3.75694904971028e-05	0.270950644167669	0.457	0.21	0.583829882324978	PH 2	ras
3.87947762049573e-05	0.471720646572448	0.679	0.457	0.602870822225037	PH 2	Pdsw
4.35145860565943e-05	0.361578253243965	0.346	0.146	0.676216667319476	PH 2	CG8034
4.42746244715115e-05	0.308573016895731	0.346	0.139	0.688027664287288	PH 2	mRpL21
4.78208253651411e-05	0.293260636386145	0.284	0.101	0.743135626174293	PH 2	nclb
4.83881604868495e-05	0.351346521846179	0.457	0.221	0.751952013965642	PH 2	CG11077
5.00650376939915e-05	0.329351216369805	0.259	0.086	0.778010685764628	PH 2	CG9143
5.2430796634155e-05	0.310540169576283	0.309	0.116	0.814774579694769	PH 2	l(2)37Cg
5.2571023378221e-05	0.346634534920807	0.37	0.154	0.816953703297555	PH 2	Mkp3
5.34428757649612e-05	0.253828873548486	0.259	0.086	0.830502289387497	PH 2	Roe1
5.49654199547685e-05	0.423095823933657	0.556	0.318	0.854162626097103	PH 2	cindr
5.50796348452837e-05	0.291629968169354	0.284	0.101	0.855937525495709	PH 2	mRpL52
5.65069721238391e-05	0.341989838677104	0.37	0.161	0.87811834680446	PH 2	TFAM
5.78891062290811e-05	0.306303783304401	0.296	0.112	0.89959671079992	PH 2	mthl3
5.7912483940595e-05	0.390711513018843	0.765	0.536	0.899960000436847	PH 2	Clic
5.92853887837288e-05	0.406969769980401	0.284	0.105	0.921294941699146	PH 2	Cbs
6.2303172481803e-05	0.316035101750097	0.494	0.247	0.968191300367219	PH 2	CG17202
6.38784802004277e-05	0.34394007603217	0.358	0.154	0.992671582314646	PH 2	aurB
6.5669246211627e-05	0.261679600832929	0.395	0.172	1	PH 2	Nnf1a
6.59844481557613e-05	0.319908270459449	0.79	0.524	1	PH 2	mt:ND6
6.63069857954222e-05	0.381234004171375	0.333	0.135	1	PH 2	CG3817
6.70548409433673e-05	0.415523153896955	0.395	0.187	1	PH 2	CG13917
6.77761769138506e-05	0.363467814498946	0.654	0.371	1	PH 2	Pdp1
7.18872467523097e-05	0.415330113699797	0.765	0.517	1	PH 2	Fer1HCH
7.25840061461162e-05	0.326739980634762	0.469	0.243	1	PH 2	SdhA
7.45676337433035e-05	0.283200229973278	0.296	0.112	1	PH 2	mRpS31
8.19970729248954e-05	0.332847753458307	0.63	0.382	1	PH 2	CG4169
8.23140002636096e-05	0.286024158336434	0.753	0.487	1	PH 2	Roc1a
8.41265022596411e-05	0.291683835575144	0.272	0.097	1	PH 2	CG2034
8.51215171705839e-05	0.383693311289714	0.63	0.367	1	PH 2	mbf1
9.0451288566553e-05	0.412019317176916	0.704	0.468	1	PH 2	Non1
9.08731969414143e-05	0.381115116956631	0.691	0.453	1	PH 2	CG3446
9.6212153980549e-05	0.271026155204891	0.333	0.135	1	PH 2	CG11920
9.92098105297476e-05	0.334665924894278	0.543	0.303	1	PH 2	CG7603
0.000101556481728707	0.372622299640103	0.556	0.322	1	PH 2	CG6523
0.000105702517927029	0.320441922906547	0.284	0.109	1	PH 2	CG9643
0.000109327474849465	0.406787014922362	0.765	0.551	1	PH 2	Prosbeta6
0.000110322778477834	0.274871423751497	0.543	0.27	1	PH 2	Uhg4
0.000110920081609645	0.334295219035894	0.383	0.176	1	PH 2	GstT1
0.000111453653931257	0.342869983147967	0.691	0.412	1	PH 2	Scsalpha
0.000115122484909258	0.284304219013093	0.296	0.12	1	PH 2	CG9246
0.000117011336965246	0.332042753681319	0.259	0.097	1	PH 2	mRpL35
0.000125173839442284	0.258697942613866	0.716	0.472	1	PH 2	Sod2
0.000125788401077836	0.335816872316208	0.321	0.135	1	PH 2	CG10340
0.000127952380216368	0.433847419220979	0.728	0.502	1	PH 2	eIF-4E
0.000128854446452896	0.388766857951622	0.654	0.419	1	PH 2	CG6020
0.000132243688310389	0.32424233958479	0.42	0.202	1	PH 2	CG10424
0.000138820253574456	0.439821623847343	0.765	0.551	1	PH 2	CG10527
0.000150447208185832	0.310940691089349	0.469	0.255	1	PH 2	CG34163
0.000151662295155515	0.343636213937578	0.58	0.315	1	PH 2	CG9253
0.000151863733273221	0.311309791190245	0.272	0.105	1	PH 2	CG32409
0.000158206553659006	0.366314469440437	0.84	0.652	1	PH 2	mt:ND5
0.000162087084872867	0.305240092894206	0.556	0.307	1	PH 2	CG1703
0.000163151484854078	0.3319284546504	0.827	0.655	1	PH 2	l(1)G0230
0.000168035099672408	0.338825636918302	0.568	0.352	1	PH 2	CG4390
0.000168266457463874	0.581515568876392	0.877	0.652	1	PH 2	Fer2LCH
0.000174381331456697	0.343429696699647	0.679	0.449	1	PH 2	CG17896
0.000176856427497516	0.289119757903775	0.309	0.127	1	PH 2	Ts
0.000183908175498121	0.370886319266815	0.37	0.18	1	PH 2	CG31918
0.000188083356180432	0.298218927393187	0.556	0.303	1	PH 2	CG3226
0.000195349527464102	0.253791707042456	0.259	0.097	1	PH 2	bonsai
0.000196234671538582	0.444230851377988	0.358	0.169	1	PH 2	vir-1
0.000199434777752379	0.400911244656179	0.333	0.154	1	PH 2	kdn
0.000199566474021294	0.340918165165868	0.383	0.18	1	PH 2	mRpL47
0.000202125756096893	0.295167971290794	0.296	0.12	1	PH 2	Trap1
0.000203528536136131	0.37269449371326	0.259	0.094	1	PH 2	CG11562
0.00023544737931185	0.354036309182677	0.42	0.213	1	PH 2	Aats-asn
0.000248180851407232	0.392712286163513	0.691	0.487	1	PH 2	pnut
0.000256449289578877	0.293839656706225	0.259	0.101	1	PH 2	BthD
0.000258549848265627	0.321422120165071	0.272	0.105	1	PH 2	CG13773
0.00026860493999419	0.333387417729593	0.543	0.318	1	PH 2	RpLP0-like
0.000271892744327401	0.267233892432413	0.358	0.161	1	PH 2	Tim9a
0.000280586736648889	0.257800765737277	0.259	0.101	1	PH 2	ncd
0.00028145179220424	0.261493131377628	0.358	0.161	1	PH 2	egh
0.000290876905325407	0.302184825644501	0.432	0.217	1	PH 2	CG2263
0.000297299258169549	0.298293256486734	0.556	0.315	1	PH 2	CG14207
0.000303128258897283	0.331148373768937	0.753	0.513	1	PH 2	Int6
0.000309048726384291	0.359775753743515	0.568	0.363	1	PH 2	eIF-2gamma
0.000316175062279693	0.333915178179124	0.457	0.24	1	PH 2	CG5946
0.000316304795389723	0.257294590557276	0.543	0.3	1	PH 2	CG7770
0.000326252362780922	0.352378963151927	0.556	0.318	1	PH 2	CG4364
0.000326260797801222	0.351393015031983	0.346	0.165	1	PH 2	CG11583
0.000330836763651145	0.327631825666058	0.457	0.24	1	PH 2	Aats-gly
0.000332337756737736	0.490900669122823	0.79	0.64	1	PH 2	sea
0.000354595639613149	0.266770977837731	0.37	0.18	1	PH 2	CG5044
0.000359833328243185	0.273407803713175	0.778	0.506	1	PH 2	Rbp1
0.00036027672129182	0.272513584762266	0.333	0.15	1	PH 2	CG12608
0.000382746293596348	0.259253152127468	0.481	0.266	1	PH 2	CG12859
0.000392789368020417	0.324307723778788	0.543	0.318	1	PH 2	Got2
0.00041956166742334	0.266977281182281	0.383	0.184	1	PH 2	CG15881
0.000441580682303474	0.307400052516037	0.778	0.513	1	PH 2	Prosbeta1
0.000457158204133631	0.262110462427393	0.975	0.981	1	PH 2	Moe
0.000462681226736038	0.308482593415198	0.802	0.543	1	PH 2	mt:ND2
0.000465889944231578	0.300148224311984	0.259	0.109	1	PH 2	CG8368
0.000470044993257585	0.25217079272379	0.296	0.131	1	PH 2	CG42671
0.000475523054676971	0.376414558400635	0.321	0.146	1	PH 2	mRpS16
0.000481141785859677	0.402625757301812	0.395	0.191	1	PH 2	rgn
0.000509651386625829	0.336013551227238	0.321	0.146	1	PH 2	CG32687
0.000512199581891391	0.267830702174899	0.519	0.288	1	PH 2	CG3011
0.000524351742368799	0.299731509698417	0.284	0.124	1	PH 2	CG4646
0.000541729602033863	0.285858470896231	0.654	0.412	1	PH 2	spoon
0.000558016437182552	0.276732238775295	0.296	0.135	1	PH 2	mRpL20
0.000580193685397089	0.294905463239513	0.741	0.521	1	PH 2	B52
0.000580759576728909	0.303585973761291	0.58	0.352	1	PH 2	CAP
0.000631629798708767	0.334974716077669	0.407	0.21	1	PH 2	CG33155
0.000637769599842105	0.410916693874414	0.716	0.468	1	PH 2	Nplp2
0.000655434076401033	0.278105938303772	0.926	0.757	1	PH 2	mt:ND1
0.000726884954049806	0.265648280696269	0.691	0.423	1	PH 2	RpII18
0.0007472318	0.2768018	0.58	0.341	1	PH 2	CG9350
0.0007581054	0.3297746	0.42	0.232	1	PH 2	CG14434
0.0007620951	0.2584076	0.321	0.146	1	PH 2	CG8675
0.00077367	0.2796271	0.37	0.184	1	PH 2	l(1)G0289
0.0008244069	0.273592	0.395	0.213	1	PH 2	Art1
0.0008370505	0.3059025	0.481	0.273	1	PH 2	pst
0.0008757157	0.3509754	0.642	0.438	1	PH 2	T-cp1
0.0008802903	0.3996295	0.284	0.127	1	PH 2	CG3008
0.0008827964	0.3436442	0.333	0.169	1	PH 2	mRpL19
0.0009092377	0.3338516	0.444	0.24	1	PH 2	NDUFA8
0.0009387779	0.2595043	0.333	0.161	1	PH 2	CG15717
0.0009554685	0.333691	0.457	0.262	1	PH 2	Pex19
0.001001896	0.2676453	0.259	0.112	1	PH 2	RfC3
0.001047781	0.3341947	0.84	0.697	1	PH 2	cype
0.001059691	0.3204347	0.654	0.453	1	PH 2	Prosalpha6
0.001087556	0.2575288	0.333	0.161	1	PH 2	mRpL49
0.001122855	0.2819242	0.259	0.109	1	PH 2	CG8735
0.001194919	0.2960946	0.309	0.15	1	PH 2	mRpS10
0.001270295	0.3699042	0.667	0.468	1	PH 2	Hsc70Cb
0.001344081	0.2786345	0.642	0.419	1	PH 2	Adam
0.001422298	0.4240453	0.556	0.423	1	PH 2	FKBP59
0.001569479	0.2531773	0.877	0.734	1	PH 2	CoVIb
0.00174577	0.3053991	0.543	0.363	1	PH 2	l(2)37Cc
0.001936352	0.3240222	0.765	0.588	1	PH 2	CG3560
0.001952735	0.2663204	0.296	0.142	1	PH 2	wac
0.002032669	0.328865	0.407	0.228	1	PH 2	CG9548
0.002194895	0.2683941	0.309	0.146	1	PH 2	mRpL14
0.00223138	0.3506869	0.37	0.21	1	PH 2	CG6439
0.002336705	0.2854387	0.654	0.472	1	PH 2	CG9172
0.002430835	0.2950152	0.321	0.165	1	PH 2	mRpL43
0.002488341	0.258869	0.741	0.536	1	PH 2	Tcp-1eta
0.002505411	0.2822263	0.63	0.423	1	PH 2	CG41128
0.002569611	0.2710789	0.284	0.135	1	PH 2	CG9065
0.002615169	0.2935655	0.259	0.124	1	PH 2	P5CDh1
0.002622063	0.2928943	0.654	0.434	1	PH 2	Prosbeta2
0.003079797	0.3243181	0.259	0.124	1	PH 2	Sema-2a
0.003094359	0.3261466	0.568	0.378	1	PH 2	CG9034
0.003308712	0.2505014	0.667	0.427	1	PH 2	Trxr-1
0.003640051	0.2957466	0.506	0.322	1	PH 2	shot
0.003654164	0.3486732	0.704	0.551	1	PH 2	scyl
0.003876781	0.2740146	0.432	0.266	1	PH 2	CG3224
0.004066518	0.2639732	0.58	0.386	1	PH 2	SC35
0.004519309	0.2802761	0.519	0.333	1	PH 2	Rpn9
0.004624091	0.2735335	0.42	0.243	1	PH 2	LSm3
0.004681873	0.2549333	0.642	0.442	1	PH 2	La
0.004880448	0.278281	0.444	0.27	1	PH 2	Elf
0.005169477	0.2844792	0.642	0.461	1	PH 2	Desat1
0.006132819	0.2582091	0.679	0.569	1	PH 2	Tango7
0.006891947	0.2850263	0.37	0.21	1	PH 2	CG9743
0.007204523	0.2767875	0.383	0.243	1	PH 2	Hlc
0.007735486	0.343186	0.679	0.494	1	PH 2	eIF3-S9
0.008423205	0.2680804	0.481	0.307	1	PH 2	eIF4AIII
0.008900949	0.2732444	0.321	0.184	1	PH 2	mRpL28
0.008918079	0.316464	0.37	0.225	1	PH 2	Aats-ala
0.009292299	0.349729	0.679	0.506	1	PH 2	eIF-2alpha
0.009771043	0.2983536	0.667	0.487	1	PH 2	CG11455
1.408328e-63	5.031503	1	0.025	2.188541e-59	PSC	CG15550
7.277066e-56	2.762389	0.915	0	1.130856e-51	PSC	tau
2.852769e-55	2.621566	0.931	0.038	4.433202e-51	PSC	Antp
8.503217e-53	3.12049	0.979	0.377	1.3214e-48	PSC	CR43855
3.560952e-51	3.928515	0.878	0.038	5.533719e-47	PSC	CG6023
9.520179e-51	2.458573	0.937	0.27	1.479436e-46	PSC	Gel
1.162756e-50	2.027384	0.984	0.528	1.806923e-46	PSC	CG2865
4.507295e-49	2.821441	0.915	0.151	7.004336e-45	PSC	CG8620
5.610118e-49	2.041131	0.947	0.34	8.718123e-45	PSC	CG12163
5.786321e-48	2.193622	0.862	0.075	8.991942e-44	PSC	ham
1.089654e-46	2.21856	0.82	0.013	1.693322e-42	PSC	CG15115
1.04711e-44	2.748449	0.915	0.365	1.627209e-40	PSC	Gadd45
1.228657e-44	1.77047	0.958	0.535	1.909333e-40	PSC	AnxB11
1.238956e-44	2.015823	0.91	0.214	1.925337e-40	PSC	He
1.441239e-44	1.947525	0.889	0.233	2.239685e-40	PSC	ced-6
1.99024e-41	2.252538	0.847	0.157	3.092833e-37	PSC	CG6287
4.87791e-41	1.83849	0.905	0.346	7.580272e-37	PSC	Rel
7.176478e-41	1.637904	0.915	0.358	1.115225e-36	PSC	CrebA
8.531056e-40	1.937106	0.73	0.006	1.325726e-35	PSC	CG15549
1.283718e-37	1.180201	0.968	0.818	1.994898e-33	PSC	Oda
5.381837e-37	1.835777	0.794	0.151	8.363375e-33	PSC	kn
6.60355e-37	1.731062	0.772	0.101	1.026192e-32	PSC	Fur1
1.607717e-36	1.476629	0.91	0.497	2.498392e-32	PSC	CG44325
3.350395e-31	1.113869	1	0.736	5.206514e-27	PSC	Ance
8.707501e-31	1.02566	0.952	0.792	1.353146e-26	PSC	ERp60
1.334127e-30	1.947903	0.836	0.283	2.073233e-26	PSC	IM18
1.864491e-30	1.802586	0.64	0.044	2.897418e-26	PSC	CG30054
2.469055e-30	1.795267	0.646	0.05	3.836912e-26	PSC	CG13868
4.136535e-30	1.489086	0.815	0.39	6.428176e-26	PSC	CG5953
9.15967e-30	1.750788	0.825	0.264	1.423413e-25	PSC	CG15784
5.724192e-29	1.595875	0.778	0.283	8.895394e-25	PSC	Nrt
1.032632e-28	1.462198	0.667	0.082	1.60471e-24	PSC	ATP8B
2.271564e-27	1.478359	0.683	0.119	3.530011e-23	PSC	ct
3.750933e-27	1.456907	0.646	0.094	5.828949e-23	PSC	capu
6.728807e-27	0.9593574	0.984	0.818	1.045657e-22	PSC	Xrp1
1.612318e-26	1.302329	0.836	0.346	2.505542e-22	PSC	olf186-M
3.131462e-26	3.434871	0.534	0.006	4.866292e-22	PSC	mthl7
1.290819e-25	1.147378	0.968	0.849	2.005933e-21	PSC	Hsc70-3
6.375025e-25	1.083447	0.989	0.899	9.906789e-21	PSC	GstD1
6.51732e-25	1.278177	0.54	0.031	1.012792e-20	PSC	sm
2.060913e-24	1.355566	0.767	0.289	3.202659e-20	PSC	CG4250
7.816871e-24	1.303424	0.794	0.465	1.214742e-19	PSC	Jra
1.916406e-23	1.449503	0.72	0.314	2.978095e-19	PSC	CG32103
2.206139e-23	1.117386	0.847	0.572	3.428339e-19	PSC	CG32138
2.687759e-23	1.073912	0.894	0.648	4.176777e-19	PSC	shep
3.610633e-23	0.7999743	1	0.969	5.610923e-19	PSC	CG9821
1.064273e-22	1.675002	0.788	0.39	1.65388e-18	PSC	Arc1
1.32471e-22	1.6388	0.72	0.277	2.058599e-18	PSC	NijA
2.453383e-22	1.366542	0.64	0.17	3.812557e-18	PSC	CG14253
3.935882e-22	1.733506	0.683	0.252	6.116361e-18	PSC	h
8.056099e-22	1.364665	0.688	0.264	1.251918e-17	PSC	CG8177
9.576279e-22	1.184913	0.508	0.044	1.488154e-17	PSC	Lip4
1.222819e-21	1.274614	0.73	0.314	1.900261e-17	PSC	CG13631
2.01743e-21	1.363985	0.751	0.403	3.135086e-17	PSC	CtsB1
4.157393e-21	3.42257	0.492	0.044	6.460589e-17	PSC	CG16713
9.989768e-21	1.06951	0.63	0.164	1.55241e-16	PSC	Karl
1.563244e-20	1.228759	0.476	0.031	2.42928e-16	PSC	rdgA
2.190465e-20	1.03763	0.905	0.654	3.403982e-16	PSC	Hsromega
4.901739e-20	0.9913585	0.772	0.447	7.617302e-16	PSC	NUCB1
5.692366e-20	0.6922232	0.952	0.899	8.845937e-16	PSC	Crc
2.340356e-19	1.044066	0.725	0.321	3.636913e-15	PSC	Dip-B
3.891503e-19	1.607078	0.772	0.415	6.047395e-15	PSC	ImpL2
4.574831e-19	1.222977	0.799	0.528	7.109287e-15	PSC	Chmp1
5.650578e-19	1.053184	0.508	0.063	8.780999e-15	PSC	mthl6
7.479325e-19	2.843148	0.397	0	1.162287e-14	PSC	CG9451
9.402994e-19	1.063363	0.603	0.182	1.461225e-14	PSC	CG13585
9.540861e-19	0.8488971	0.841	0.648	1.48265e-14	PSC	KdelR
1.017833e-18	0.7744524	0.921	0.792	1.581713e-14	PSC	AnxB9
1.884152e-18	2.580125	0.508	0.101	2.927972e-14	PSC	Pepck
4.010642e-18	1.046821	0.476	0.057	6.232537e-14	PSC	mspo
4.171491e-18	1.324653	0.667	0.258	6.482498e-14	PSC	pirk
8.113034e-18	0.5534032	1	1	1.260765e-13	PSC	Act5C
1.000626e-17	0.886408	0.624	0.17	1.554973e-13	PSC	CG33494
1.7242e-17	2.436037	0.434	0.044	2.679407e-13	PSC	CG2444
3.045724e-17	1.211647	0.566	0.157	4.733055e-13	PSC	CG14629
5.977601e-17	0.9710942	0.45	0.05	9.289191e-13	PSC	CG4259
1.228324e-16	0.7458408	0.857	0.686	1.908816e-12	PSC	Rab11
1.293166e-16	0.9290578	0.746	0.484	2.009581e-12	PSC	Ubi-p5E
1.435364e-16	1.120281	0.392	0.019	2.230556e-12	PSC	CG30148
1.885678e-16	1.352477	0.587	0.22	2.930343e-12	PSC	Spn55B
2.71233e-16	0.9418421	0.534	0.145	4.214961e-12	PSC	srp
2.796126e-16	1.18699	0.524	0.126	4.34518e-12	PSC	CR44430
2.827135e-16	0.8399851	0.852	0.572	4.393368e-12	PSC	CG1572
3.185497e-16	0.8897647	0.772	0.396	4.950263e-12	PSC	zfh1
3.571567e-16	1.515851	0.481	0.094	5.550215e-12	PSC	CG43236
5.120007e-16	0.92611	0.762	0.484	7.95649e-12	PSC	kay
6.894878e-16	0.7589657	0.915	0.83	1.071464e-11	PSC	Chd64
6.912422e-16	0.9446192	0.365	0.013	1.07419e-11	PSC	Toll-4
7.976264e-16	0.9219945	0.339	0	1.239511e-11	PSC	5-HT1B
7.976346e-16	1.48201	0.339	0	1.239524e-11	PSC	mthl12
1.112015e-15	0.9276846	0.683	0.346	1.728071e-11	PSC	Su(Tpl)
1.472674e-15	1.204374	0.333	0	2.288535e-11	PSC	MstProx
1.614974e-15	1.051394	0.571	0.214	2.509669e-11	PSC	Cct1
1.901579e-15	0.8709751	0.37	0.019	2.955054e-11	PSC	CG34353
1.950361e-15	0.693346	0.889	0.711	3.030861e-11	PSC	CG15098
3.444763e-15	0.9299511	0.683	0.34	5.353162e-11	PSC	regucalcin
5.117974e-15	1.002003	0.487	0.126	7.953332e-11	PSC	Keap1
6.316997e-15	0.8973609	0.577	0.214	9.816613e-11	PSC	PGRP-LF
9.197214e-15	1.025637	0.429	0.069	1.429247e-10	PSC	Swim
2.66476e-14	0.5524896	0.91	0.811	4.141038e-10	PSC	Pdi
3.76325e-14	0.9495301	0.476	0.126	5.84809e-10	PSC	CG5196
5.097987e-14	0.445271	1	0.994	7.922272e-10	PSC	alphaTub84B
6.307708e-14	0.8422784	0.333	0.019	9.802179e-10	PSC	CG18747
7.998213e-14	0.8724881	0.476	0.126	1.242922e-09	PSC	mmy
2.147476e-13	0.8833696	0.423	0.094	3.337178e-09	PSC	CG6051
3.056453e-13	0.8843333	0.603	0.27	4.749727e-09	PSC	NimB1
3.129236e-13	0.9082911	0.55	0.22	4.862832e-09	PSC	Men
3.1345e-13	0.8529713	0.73	0.509	4.871013e-09	PSC	vib
3.461803e-13	0.7334579	0.868	0.692	5.379642e-09	PSC	CR42862
3.50867e-13	0.8701302	0.635	0.289	5.452473e-09	PSC	GstO3
4.893807e-13	0.9906008	0.571	0.264	7.604976e-09	PSC	CHMP2B
5.008082e-13	0.8487611	0.423	0.088	7.782559e-09	PSC	pdgy
5.897713e-13	1.039103	0.54	0.22	9.165045e-09	PSC	Spn42Da
6.430139e-13	0.9141888	0.466	0.119	9.992436e-09	PSC	CG33460
7.483962e-13	0.8949909	0.503	0.17	1.163008e-08	PSC	CG8839
1.021124e-12	0.6934058	0.709	0.459	1.586827e-08	PSC	Xbp1
1.311908e-12	0.696734	0.894	0.767	2.038705e-08	PSC	CG45050
2.034745e-12	0.8547783	0.392	0.075	3.161993e-08	PSC	spict
2.186602e-12	0.6886661	0.762	0.629	3.397979e-08	PSC	CaBP1
2.512423e-12	0.7832239	0.444	0.126	3.904305e-08	PSC	RhoGAP16F
2.714091e-12	0.8186302	0.698	0.428	4.217697e-08	PSC	schlank
4.179872e-12	0.9386331	0.73	0.579	6.495521e-08	PSC	cathD
4.200464e-12	0.7877765	0.677	0.421	6.527521e-08	PSC	Mdh1
4.300599e-12	0.9861682	0.429	0.113	6.68313e-08	PSC	CG9171
4.783359e-12	0.8470542	0.693	0.465	7.433341e-08	PSC	sgg
5.606223e-12	0.7706349	0.259	0	8.712071e-08	PSC	CG13437
6.45542e-12	0.7536325	0.354	0.057	1.003172e-07	PSC	Nhe3
7.106559e-12	0.431891	0.995	0.987	1.104359e-07	PSC	Cam
7.748496e-12	0.8255331	0.587	0.308	1.204116e-07	PSC	elB
8.13909e-12	0.9758082	0.429	0.119	1.264815e-07	PSC	sel
9.35054e-12	1.045597	0.28	0.013	1.453074e-07	PSC	aay
9.790382e-12	0.7033831	0.646	0.371	1.521425e-07	PSC	CG18815
1.095433e-11	1.126709	0.455	0.157	1.702303e-07	PSC	edl
1.173849e-11	0.6229509	0.984	0.635	1.824162e-07	PSC	fax
1.234411e-11	0.7207994	0.37	0.069	1.918275e-07	PSC	Esyt2
1.792021e-11	1.010352	0.487	0.17	2.7848e-07	PSC	PGRP-LB
1.795779e-11	0.84707	0.497	0.182	2.790641e-07	PSC	CG11686
1.893139e-11	1.57231	0.407	0.107	2.941938e-07	PSC	CG31777
1.982458e-11	0.5392362	0.905	0.786	3.08074e-07	PSC	Gapdh2
2.252316e-11	0.7166199	0.741	0.553	3.5001e-07	PSC	Rac2
2.689776e-11	0.9393378	0.73	0.616	4.179912e-07	PSC	sqh
2.872053e-11	0.6542479	0.974	0.899	4.463171e-07	PSC	Act42A
5.367333e-11	0.7569562	0.624	0.352	8.340836e-07	PSC	CG9911
1.362438e-10	0.9462541	0.63	0.428	2.117229e-06	PSC	Fim
1.391525e-10	0.6845848	0.349	0.069	2.16243e-06	PSC	ZnT41F
1.414893e-10	0.7729735	0.36	0.082	2.198743e-06	PSC	Cys
1.532395e-10	0.7405443	0.582	0.302	2.381341e-06	PSC	CG5059
1.652239e-10	0.7672151	0.582	0.308	2.56758e-06	PSC	CG17508
1.747581e-10	0.862052	0.698	0.497	2.715741e-06	PSC	sty
2.308796e-10	0.5928824	0.788	0.616	3.587869e-06	PSC	Gp93
2.486639e-10	0.7791079	0.402	0.119	3.864237e-06	PSC	GILT3
2.645966e-10	0.7952536	0.497	0.201	4.111832e-06	PSC	loco
3.455364e-10	0.7750666	0.677	0.403	5.369636e-06	PSC	CG31324
3.957012e-10	0.703546	0.349	0.075	6.149196e-06	PSC	jdp
4.219978e-10	0.7221112	0.291	0.038	6.557846e-06	PSC	fend
4.963022e-10	0.8394071	0.37	0.094	7.712537e-06	PSC	Ance-2
5.192565e-10	0.4997474	0.958	0.874	8.069245e-06	PSC	CycG
6.188483e-10	0.7436474	0.339	0.075	9.616903e-06	PSC	CG3077
6.388523e-10	0.3580819	1	1	9.927765e-06	PSC	pAbp
7.471272e-10	0.6264945	0.27	0.025	1.161036e-05	PSC	CG34288
1.054515e-09	0.6956517	0.354	0.094	1.638716e-05	PSC	Gfat2
1.213059e-09	0.5367304	0.884	0.635	1.885094e-05	PSC	Tep4
1.987357e-09	0.6991548	0.381	0.119	3.088353e-05	PSC	CG5850
2.285434e-09	0.7499583	0.614	0.384	3.551565e-05	PSC	mfas
2.384181e-09	0.7206129	0.339	0.082	3.705017e-05	PSC	Sodh-2
2.64939e-09	0.7345563	0.587	0.346	4.117152e-05	PSC	CG9328
4.228244e-09	0.4478135	0.73	0.352	6.570691e-05	PSC	CG42566
4.803712e-09	0.7006353	0.492	0.22	7.464968e-05	PSC	drongo
5.78187e-09	0.6344201	0.429	0.176	8.985027e-05	PSC	CG10376
5.959839e-09	0.750193	0.28	0.05	9.261591e-05	PSC	CG34376
8.222593e-09	0.6889979	0.561	0.327	0.0001277791	PSC	Pak3
9.060108e-09	0.7153153	0.704	0.516	0.0001407941	PSC	Syx1A
9.586904e-09	0.6023373	0.672	0.396	0.0001489805	PSC	scf
1.007941e-08	0.7174633	0.524	0.296	0.000156634	PSC	spin
1.219561e-08	0.6678249	0.672	0.459	0.0001895198	PSC	CG30497
1.271301e-08	0.5798067	0.857	0.774	0.0001975601	PSC	CG6770
1.599592e-08	0.4933899	0.81	0.686	0.0002485766	PSC	CG32276
1.628779e-08	0.591809	0.794	0.711	0.0002531123	PSC	Atg8a
1.658042e-08	0.4837503	0.27	0.044	0.0002576597	PSC	kcc
2.189907e-08	0.8288552	0.534	0.308	0.0003403115	PSC	CG31075
2.909469e-08	0.5111132	0.788	0.686	0.0004521315	PSC	RhoGDI
3.362471e-08	0.7473813	0.286	0.063	0.0005225281	PSC	Ugt35a
3.677535e-08	1.506897	0.439	0.22	0.0005714889	PSC	cact
4.26226e-08	0.6214335	0.354	0.113	0.0006623552	PSC	noc
4.793481e-08	0.6063518	0.757	0.585	0.000744907	PSC	Ald
4.885553e-08	0.6555373	0.349	0.126	0.0007592149	PSC	Dronc
5.546451e-08	0.5753761	0.423	0.176	0.0008619185	PSC	CG1444
5.672722e-08	0.482406	0.328	0.094	0.000881541	PSC	qm
6.41435e-08	0.6238076	0.677	0.465	0.0009967899	PSC	puc
6.668711e-08	0.8484077	0.46	0.252	0.001036318	PSC	CG6701
1.049196e-07	0.6380402	0.28	0.069	0.001630451	PSC	CG11337
1.052385e-07	0.7857974	0.307	0.094	0.001635406	PSC	C3G
1.072456e-07	0.7621784	0.455	0.245	0.001666597	PSC	dnc
1.074262e-07	0.6500484	0.275	0.063	0.001669403	PSC	CG15211
1.427532e-07	0.7056674	0.444	0.233	0.002218385	PSC	kraken
1.687537e-07	0.6348544	0.513	0.302	0.002622433	PSC	hipk
2.103663e-07	0.7884384	0.444	0.233	0.003269093	PSC	ifc
2.150221e-07	0.6565644	0.614	0.453	0.003341444	PSC	cnc
2.335723e-07	0.5844351	0.698	0.541	0.003629714	PSC	brat
2.442114e-07	0.6441128	0.667	0.528	0.003795046	PSC	Prosap
2.761506e-07	0.6550652	0.508	0.314	0.004291381	PSC	CrebB
2.863929e-07	0.532885	0.593	0.384	0.004450546	PSC	OstStt3
2.99375e-07	0.5608814	0.73	0.648	0.004652287	PSC	CHOp24
3.689263e-07	0.5060385	0.799	0.723	0.005733115	PSC	ps
3.715359e-07	0.6633093	0.481	0.289	0.005773667	PSC	CG31717
3.940279e-07	0.7965862	0.381	0.176	0.006123194	PSC	ZnT63C
4.203107e-07	0.5571977	0.661	0.509	0.006531628	PSC	Ost48
4.570733e-07	0.5078626	0.259	0.063	0.007102918	PSC	Rabex-5
5.105207e-07	0.649421	0.513	0.283	0.007933492	PSC	CG9932
5.785954e-07	0.5982287	0.519	0.327	0.008991373	PSC	Nmda1
6.327823e-07	0.6362248	0.534	0.333	0.009833437	PSC	CG43736
7.399378e-07	0.5015707	0.349	0.132	0.01149863	PSC	twf
7.704454e-07	0.5519768	0.64	0.377	0.01197272	PSC	roX1
7.756424e-07	0.4753137	0.746	0.604	0.01205348	PSC	vsg
8.000415e-07	0.5922643	0.524	0.333	0.01243265	PSC	Vps2
9.429747e-07	0.6009405	0.54	0.365	0.01465383	PSC	Ostgamma
1.022388e-06	0.6189871	0.444	0.245	0.01588791	PSC	CG12004
1.065839e-06	0.5905911	0.497	0.296	0.01656313	PSC	rush
1.068326e-06	0.448545	0.54	0.302	0.01660179	PSC	trol
1.246063e-06	0.5519672	0.582	0.415	0.01936381	PSC	Scamp
1.314503e-06	0.47734	0.36	0.145	0.02042738	PSC	MICAL-like
1.405507e-06	0.7106113	0.413	0.226	0.02184157	PSC	aPKC
1.448681e-06	0.6277893	0.64	0.491	0.0225125	PSC	CG6084
1.448851e-06	0.5399214	0.265	0.075	0.02251514	PSC	CG10383
1.461682e-06	0.47146	0.735	0.629	0.02271454	PSC	shrb
1.572211e-06	0.8994229	0.672	0.553	0.02443216	PSC	emc
1.721382e-06	0.5290086	0.28	0.082	0.02675028	PSC	glob1
1.886254e-06	0.5542494	0.265	0.075	0.02931239	PSC	Mec2
1.940892e-06	0.5761413	0.444	0.258	0.03016146	PSC	slmb
2.201761e-06	0.51385	0.381	0.17	0.03421537	PSC	svr
2.651725e-06	0.4900322	0.365	0.164	0.0412078	PSC	Snx6
2.846114e-06	0.5392527	0.37	0.17	0.04422862	PSC	RhoGAP18B
2.984509e-06	0.491607	0.402	0.182	0.04637927	PSC	Graf
3.24896e-06	0.5712223	0.529	0.333	0.05048884	PSC	cora
3.331204e-06	0.5955986	0.587	0.428	0.05176691	PSC	CG2918
3.448175e-06	0.5534825	0.286	0.101	0.05358464	PSC	CG10337
3.53981e-06	0.5967277	0.429	0.245	0.05500864	PSC	Wbp2
4.152191e-06	0.4510148	0.556	0.371	0.06452505	PSC	Fkbp14
4.471921e-06	0.5477124	0.624	0.503	0.06949365	PSC	CG9836
4.484857e-06	0.4713938	0.72	0.642	0.06969468	PSC	twr
4.84602e-06	0.5828801	0.354	0.17	0.07530715	PSC	CG17544
4.921174e-06	0.6805669	0.481	0.252	0.07647505	PSC	CR45018
5.474825e-06	0.5514675	0.339	0.157	0.08507878	PSC	CG4025
6.4273e-06	2.271945	0.381	0.201	0.09988024	PSC	CG42807
6.566146e-06	0.3915692	0.783	0.73	0.1020379	PSC	Sec61beta
6.933421e-06	0.5764843	0.339	0.151	0.1077454	PSC	CG5535
7.711776e-06	0.5246164	0.386	0.182	0.119841	PSC	Arc2
7.923986e-06	0.8051784	0.603	0.516	0.1231387	PSC	CD98hc
8.192172e-06	0.6623433	0.312	0.119	0.1273064	PSC	CG7777
8.471742e-06	0.6162904	0.275	0.101	0.1316509	PSC	CG5793
8.886618e-06	0.4602205	0.275	0.094	0.138098	PSC	Pgm
9.059557e-06	0.4519934	0.497	0.314	0.1407855	PSC	hdly
1.000526e-05	0.5657899	0.36	0.182	0.1554817	PSC	CHES-1-like
1.042225e-05	0.6109969	0.534	0.409	0.1619618	PSC	Rab7
1.227619e-05	0.4885087	0.36	0.176	0.1907719	PSC	CG3792
1.705365e-05	0.5549746	0.471	0.302	0.2650138	PSC	CG11791
1.748788e-05	0.4559924	0.672	0.566	0.2717616	PSC	bai
1.799875e-05	0.5040039	0.402	0.22	0.2797006	PSC	Hexo2
1.840987e-05	0.600439	0.471	0.302	0.2860894	PSC	shn
1.881773e-05	0.5312411	0.317	0.145	0.2924276	PSC	Mvl
1.918292e-05	0.7086484	0.392	0.22	0.2981026	PSC	Gclc
2.105044e-05	0.4835757	0.407	0.226	0.3271239	PSC	CG5869
2.338908e-05	0.5580426	0.317	0.145	0.3634662	PSC	NK7.1
2.646513e-05	0.6715203	0.492	0.352	0.4112682	PSC	Baldspot
2.772436e-05	0.4561171	0.651	0.553	0.4308365	PSC	mys
2.810297e-05	0.6469563	0.423	0.264	0.4367202	PSC	ghi
2.834418e-05	0.7613594	0.407	0.252	0.4404685	PSC	Inos
3.385569e-05	0.4816907	0.265	0.094	0.5261175	PSC	CG1607
3.400072e-05	0.6780252	0.296	0.132	0.5283712	PSC	CG13004
3.466718e-05	0.4329758	0.312	0.132	0.5387279	PSC	CG9629
3.607871e-05	0.4845921	0.312	0.138	0.5606632	PSC	CG2003
3.710113e-05	0.4191345	0.651	0.516	0.5765516	PSC	CG33303
3.714273e-05	0.492369	0.635	0.547	0.5771981	PSC	GstE12
4.719009e-05	0.4785401	0.508	0.377	0.7333339	PSC	CG10103
4.973033e-05	0.3121884	0.905	0.868	0.7728093	PSC	Vha16-1
5.43305e-05	0.4794562	0.302	0.138	0.844296	PSC	CG10098
5.645504e-05	0.4898256	0.36	0.189	0.8773113	PSC	CG10082
5.768829e-05	0.5275048	0.545	0.434	0.896476	PSC	Vps60
5.893344e-05	0.5195698	0.434	0.283	0.9158256	PSC	stck
5.933688e-05	0.5792806	0.878	0.824	0.9220951	PSC	cib
6.237374e-05	0.514965	0.307	0.157	0.9692879	PSC	Snx1
6.733636e-05	0.3902049	0.36	0.195	1	PSC	fray
7.037672e-05	0.4418258	0.476	0.321	1	PSC	CG11151
8.242267e-05	0.4032186	0.513	0.384	1	PSC	cpa
8.369613e-05	0.4746505	0.481	0.358	1	PSC	PyK
9.910697e-05	0.509856	0.27	0.119	1	PSC	CG33229
0.0001066081	0.5343597	0.275	0.126	1	PSC	Dif
0.0001077125	0.2980367	0.841	0.78	1	PSC	Rho1
0.0001178476	0.5106846	0.413	0.258	1	PSC	Past1
0.0001217439	0.609036	0.402	0.252	1	PSC	Glut4EF
0.0001311527	0.5269899	0.418	0.289	1	PSC	fwe
0.0001320206	0.4650491	0.635	0.503	1	PSC	CG11486
0.000133659	0.5061166	0.265	0.119	1	PSC	yuri
0.0001729546	0.4921073	0.545	0.409	1	PSC	mnd
0.0002134353	0.5098937	0.402	0.27	1	PSC	CG32066
0.0002168982	0.3502806	0.349	0.195	1	PSC	CG4080
0.000217509	0.4092148	0.635	0.553	1	PSC	Spase25
0.0002185183	0.3910695	0.582	0.415	1	PSC	trio
0.0002282699	0.3738073	0.783	0.736	1	PSC	Syb
0.0002367782	0.4753193	0.513	0.409	1	PSC	Rab2
0.0002466295	0.3967008	0.667	0.642	1	PSC	Mlc-c
0.0002555231	0.4211446	0.55	0.453	1	PSC	skap
0.0002617077	0.4463509	0.656	0.585	1	PSC	Rab1
0.0002687333	0.6385335	0.508	0.409	1	PSC	MESK2
0.0002688528	0.5759263	0.598	0.579	1	PSC	scu
0.0002712647	0.4476684	0.608	0.522	1	PSC	cl
0.0002834889	0.9435098	0.407	0.296	1	PSC	Swip-1
0.0002893445	0.4768262	0.307	0.164	1	PSC	Ets21C
0.0002910439	0.4781688	0.333	0.195	1	PSC	CG5004
0.0002925879	0.4309406	0.333	0.195	1	PSC	l(3)05822
0.0003310034	0.3478481	0.503	0.39	1	PSC	CG5446
0.0003490665	0.4825722	0.434	0.277	1	PSC	deltaCOP
0.000373338	0.2764113	0.751	0.635	1	PSC	CG9705
0.0004053088	0.5083254	0.471	0.352	1	PSC	cer
0.0004411021	0.6773125	0.36	0.226	1	PSC	ftz-f1
0.0004599075	0.3802188	0.481	0.371	1	PSC	Arpc1
0.0005617791	0.3564907	0.376	0.201	1	PSC	roX2
0.0005860186	0.4369832	0.635	0.56	1	PSC	NAT1
0.0005921562	0.6917814	0.392	0.277	1	PSC	CG43739
0.0006090512	0.3215768	0.677	0.604	1	PSC	Jupiter
0.0006567296	0.326981	0.598	0.509	1	PSC	Jwa
0.0007304282	0.5926141	0.312	0.189	1	PSC	SNF4Agamma
0.0007380028	0.5278577	0.349	0.22	1	PSC	Flo2
0.0007419358	0.4255553	0.423	0.302	1	PSC	CG4572
0.0007490611	0.2911366	0.704	0.642	1	PSC	Tis11
0.0008212958	0.3901959	0.656	0.616	1	PSC	Rab5
0.000832026	0.4892087	0.439	0.321	1	PSC	l(3)L1231
0.0009083745	0.541334	0.265	0.138	1	PSC	CG31522
0.001101339	0.393685	0.624	0.547	1	PSC	VhaM9.7-b
0.001128773	0.3681355	0.497	0.403	1	PSC	Lamp1
0.001149481	0.4897457	0.434	0.302	1	PSC	Psc
0.001191429	0.4240259	0.608	0.522	1	PSC	Manf
0.001225636	0.4221476	0.265	0.145	1	PSC	PGRP-LC
0.001228357	0.3788479	0.439	0.314	1	PSC	Smox
0.001255355	0.4164459	0.45	0.333	1	PSC	ics
0.001283895	0.3450653	0.455	0.333	1	PSC	CG7523
0.00130263	0.6011632	0.455	0.346	1	PSC	Ilp6
0.001331268	0.3743165	0.508	0.403	1	PSC	Rab35
0.00133225	0.458032	0.275	0.151	1	PSC	bdg
0.001386967	0.3516222	0.323	0.189	1	PSC	tara
0.001750794	0.4334732	0.317	0.182	1	PSC	IP3K2
0.001852672	0.4732519	0.286	0.17	1	PSC	Zip102B
0.00193988	0.4466218	0.418	0.302	1	PSC	ttk
0.002118572	0.5095022	0.265	0.151	1	PSC	cpo
0.002123903	0.4264578	0.312	0.189	1	PSC	Gale
0.002610876	0.5485806	0.476	0.421	1	PSC	Eip75B
0.002700699	0.5189138	0.376	0.289	1	PSC	Rab8
0.003025584	0.5557567	0.503	0.465	1	PSC	PHGPx
0.003102342	0.4552751	0.413	0.302	1	PSC	Dys
0.003232687	0.3772967	0.37	0.258	1	PSC	nrv1
0.003518646	0.4984533	0.418	0.314	1	PSC	Pect
0.003899254	0.3992072	0.376	0.27	1	PSC	Klc
0.00407888	0.306833	0.741	0.78	1	PSC	Ggamma1
0.004113794	0.2751153	0.471	0.327	1	PSC	CAP
0.004307202	0.3711777	0.291	0.189	1	PSC	Rop
0.004475604	0.3572814	0.582	0.465	1	PSC	ITP
0.004509964	0.30722	0.28	0.17	1	PSC	wol
0.004594256	0.5863878	0.291	0.176	1	PSC	glec
0.005058675	0.3080434	0.566	0.497	1	PSC	l(2)k12914
0.005568933	0.6436247	0.497	0.434	1	PSC	Mmp1
0.005580466	0.3216463	0.529	0.447	1	PSC	ergic53
0.005705641	0.3535633	0.735	0.755	1	PSC	CG6891
0.005715895	0.4060845	0.476	0.409	1	PSC	zetaCOP
0.005866793	0.4177447	0.312	0.214	1	PSC	Indy
0.00620407	0.3729816	0.312	0.208	1	PSC	CG11357
0.00635265	0.3573931	0.471	0.415	1	PSC	Vps28
0.006913648	0.3273054	0.519	0.428	1	PSC	Arpc2
0.006980256	0.3684719	0.661	0.61	1	PSC	LamC
0.007292725	0.5145457	0.28	0.189	1	PSC	Mrtf
0.007502376	0.3321814	0.444	0.358	1	PSC	Catsup
0.007529513	0.3734769	0.344	0.252	1	PSC	BI-1
0.007835956	0.2838817	0.693	0.698	1	PSC	l(1)G0320
0.007870553	0.2614851	0.847	0.767	1	PSC	Unr
0.008419203	0.3211317	0.265	0.164	1	PSC	CG12730
0.008820556	0.4112627	0.328	0.233	1	PSC	RnrS
0.009136016	0.3031369	0.407	0.314	1	PSC	Der-1
0.009338567	0.4394826	0.471	0.403	1	PSC	rdx
