p_val	avg_logFC	pct.1	pct.2	p_val_adj	cluster	gene
9.02587956398569e-07	1.42964085132577	0.75	0.071	0.0140262168424338	Dl+N-	CG7675
5.02017694606969e-06	0.733232121790481	0.5	0.032	0.078013549741923	Dl+N-	Dhap-at
2.39192160714088e-05	1.28252048931236	0.5	0.039	0.371704617749692	Dl+N-	CG5873
2.71997686477966e-05	1.45668318672276	0.5	0.039	0.422684404786759	Dl+N-	CG11905
2.71997686477966e-05	0.77262256054387	0.5	0.039	0.422684404786759	Dl+N-	Spt3
5.17345507845771e-05	1.44794873590087	1	0.213	0.803954919192328	Dl+N-	CG33978
0.000176299848853243	0.535435165535376	0.5	0.052	1	Dl+N-	CG14906
0.000195608370357942	1.30883593264584	0.5	0.052	1	Dl+N-	CG5118
0.000208736893866982	1.31241628448506	1	0.245	1	Dl+N-	Dl
0.000212473869843409	1.35826903663345	0.75	0.129	1	Dl+N-	CG9782
0.000294522341306521	1.15948530833332	0.5	0.052	1	Dl+N-	CG13046
0.000367033582010871	1.69864176617045	0.5	0.058	1	Dl+N-	ImpE1
0.000443551536605757	0.823912385422141	0.5	0.058	1	Dl+N-	Cht3
0.000534758881066396	0.939340335448041	0.5	0.058	1	Dl+N-	Cda4
0.000586652906775755	0.495688022395954	0.5	0.058	1	Dl+N-	DUBAI
0.000808106431622064	1.30726092140373	0.5	0.065	1	Dl+N-	MED4
0.000843075227659051	1.26621462969297	0.75	0.161	1	Dl+N-	Cip4
0.000894759324085223	1.29422049368037	0.75	0.161	1	Dl+N-	18w
0.000929371797870341	1.55180932856993	0.75	0.174	1	Dl+N-	CG2218
0.00113814029968787	0.695756412964381	0.5	0.065	1	Dl+N-	CG32549
0.00118203755099118	1.44550566109664	0.75	0.194	1	Dl+N-	Snoo
0.00124231803217205	1.28200275873027	0.5	0.071	1	Dl+N-	Tg
0.00158017688958204	1.24694018166573	0.5	0.071	1	Dl+N-	vn
0.00159941143677006	1.14831230114111	0.75	0.161	1	Dl+N-	CG1927
0.0019402765223077	1.27429011157442	0.5	0.077	1	Dl+N-	CG5191
0.0019402765223077	0.687182121098012	0.5	0.077	1	Dl+N-	mav
0.00203206047806268	1.12937483065545	0.75	0.174	1	Dl+N-	ec
0.00247867271525837	1.21778665748	0.75	0.194	1	Dl+N-	sdt
0.00266584549913975	0.735561543943177	0.5	0.084	1	Dl+N-	CG31961
0.00280045800439326	1.11532785476091	0.75	0.174	1	Dl+N-	CG10249
0.00353304047355696	1.17902943677198	0.5	0.084	1	Dl+N-	por
0.00378663411913089	1.21639565275652	0.5	0.084	1	Dl+N-	CG13377
0.00430746152011484	1.29122027619282	0.5	0.09	1	Dl+N-	CG9410
0.00430746152011484	1.2621757397951	0.5	0.09	1	Dl+N-	Magi
0.00512586025178793	1.59109703799245	0.5	0.097	1	Dl+N-	serp
0.00546087724253602	1.26996744346238	0.5	0.097	1	Dl+N-	CG4022
0.00569853244883303	0.785060149157733	1	0.71	1	Dl+N-	Roc1a
0.00619082831267852	1.20098496959687	0.5	0.097	1	Dl+N-	Unc-76
0.00696141943403506	1.06293753963001	0.75	0.226	1	Dl+N-	CG7713
0.00700749411847111	1.15932673685843	0.5	0.097	1	Dl+N-	Tsp66E
0.00700749411847111	1.05264298782879	0.5	0.097	1	Dl+N-	nahoda
0.00856185200718076	1.22425840256879	0.5	0.103	1	Dl+N-	CG6191
0.00916133657682312	2.11125268472488	0.5	0.116	1	Dl+N-	KrT95D
0.00962313417885013	0.480087952968464	0.5	0.103	1	Dl+N-	Fibp
0.00962313417885013	0.477814895891294	0.5	0.103	1	Dl+N-	Pis
0.00968593427588263	1.22554618508482	0.5	0.11	1	Dl+N-	mxc
3.05931993840099e-30	1.54505685577196	1	0.033	4.75418318427514e-26	Dl+N+	Dl
8.29892338843506e-18	1.35893387802902	0.947	0.223	1.28965269456281e-13	Dl+N+	Inx2
6.74794089588665e-17	1.54335804998362	0.921	0.182	1.04863001522079e-12	Dl+N+	Fas3
8.1336593277136e-15	0.914484476891715	0.632	0.05	1.26397065952669e-10	Dl+N+	bowl
9.17104373035392e-15	1.04802387842758	1	0.38	1.425180195697e-10	Dl+N+	N
2.95399302978629e-14	1.37538521092993	0.868	0.182	4.59050516828789e-10	Dl+N+	CG43164
4.17681776554135e-13	0.869291447518406	0.658	0.091	6.49077480765126e-09	Dl+N+	grh
5.55919757074058e-13	0.961663191858012	0.895	0.207	8.63899302493086e-09	Dl+N+	ed
7.89154217747619e-13	1.14796786082696	0.868	0.207	1.2263456543798e-08	Dl+N+	Inx3
7.9782289777127e-13	0.867083789636836	0.658	0.091	1.23981678313655e-08	Dl+N+	bou
2.48405915994622e-12	0.887162730034715	0.605	0.074	3.86022793455642e-08	Dl+N+	CG43759
2.5962820230072e-12	0.88941211807488	0.658	0.099	4.03462226375319e-08	Dl+N+	pio
8.70611257324985e-12	0.813929809748711	0.605	0.083	1.35292989388303e-07	Dl+N+	mgl
9.71263218147303e-12	0.557511262938384	0.447	0.025	1.50934304100091e-07	Dl+N+	Tsf2
2.0832196948164e-11	0.775552751402079	0.711	0.14	3.23732340574469e-07	Dl+N+	CG43780
2.65837515649779e-11	0.678317395654989	0.474	0.033	4.13111499319756e-07	Dl+N+	ckn
3.53748381690946e-11	0.936651648280137	0.526	0.058	5.4972498514773e-07	Dl+N+	ovo
5.15278575300022e-11	0.458005942828491	0.368	0.008	8.00742906016234e-07	Dl+N+	CG12581
5.51643094949453e-11	0.805691289873177	0.605	0.099	8.5725336955145e-07	Dl+N+	pot
7.89343374357783e-11	1.21274828800494	0.895	0.438	1.22663960375199e-06	Dl+N+	heph
9.62248615909947e-11	0.7236427286987	0.447	0.033	1.49533434912406e-06	Dl+N+	CG12814
1.44808738785674e-10	0.825585615774533	0.816	0.207	2.25032780072938e-06	Dl+N+	ogre
1.80473772790092e-10	0.715985855518672	0.553	0.083	2.80456242915803e-06	Dl+N+	dp
2.15628919975853e-10	0.753348422576724	0.5	0.058	3.35087341642475e-06	Dl+N+	CG34398
2.53533784993089e-10	1.49373591430706	0.789	0.256	3.9399150187926e-06	Dl+N+	E(spl)m2-BFM
2.70537620267599e-10	0.687331606445944	0.342	0.008	4.20415461895849e-06	Dl+N+	tsl
2.89890839669845e-10	0.571505737690082	0.553	0.074	4.50490364846939e-06	Dl+N+	ec
4.16435573941003e-10	0.776356190737888	0.474	0.05	6.47140881904318e-06	Dl+N+	CG34383
4.91432379016059e-10	0.621276574770763	0.421	0.033	7.63685916990955e-06	Dl+N+	mthl5
5.56090979500527e-10	0.985084328466341	0.974	0.529	8.6416538214382e-06	Dl+N+	fax
6.80409564737334e-10	0.673549582154529	0.579	0.099	1.05735646360182e-05	Dl+N+	Cont
7.06718114777955e-10	0.515375873558904	0.632	0.116	1.09823995036494e-05	Dl+N+	CG7713
7.63729558471802e-10	0.880938695385968	0.658	0.14	1.18683573386518e-05	Dl+N+	E(spl)m7-HLH
1.0746551474609e-09	0.898464214852334	0.605	0.107	1.67001409915424e-05	Dl+N+	Tom
1.13039359799579e-09	0.387963902140486	0.395	0.025	1.75663165128546e-05	Dl+N+	CG31121
1.16932811548104e-09	0.40002385237369	0.632	0.107	1.81713589145753e-05	Dl+N+	CG33978
1.30991852620153e-09	0.553936419244942	0.474	0.05	2.03561338971718e-05	Dl+N+	Sod3
1.52724357483416e-09	0.96218211384206	0.868	0.372	2.37333651529228e-05	Dl+N+	mbl
1.55048159700402e-09	0.57511209533044	0.316	0.008	2.40944840174424e-05	Dl+N+	CG6583
1.71030349065012e-09	0.694435449736031	0.421	0.041	2.65781162447029e-05	Dl+N+	qsm
1.87955322596342e-09	0.64492669267351	0.447	0.05	2.92082571314715e-05	Dl+N+	CG9782
2.20174381493321e-09	0.7124208578211	0.605	0.107	3.42150988840621e-05	Dl+N+	Lac
2.27264595953252e-09	0.62001262453312	0.5	0.066	3.53169182111354e-05	Dl+N+	CG14830
2.86925118274937e-09	0.639052614781796	0.711	0.165	4.45881633799252e-05	Dl+N+	l(3)neo38
2.89898325243281e-09	0.701445518559406	0.605	0.132	4.50501997428059e-05	Dl+N+	CG3655
2.94111631090326e-09	1.04301634843942	0.763	0.264	4.57049474714366e-05	Dl+N+	Diap1
3.0541051519884e-09	0.599000014705602	0.447	0.05	4.74607940618997e-05	Dl+N+	CG3777
3.96388450792008e-09	0.802070912806988	0.474	0.066	6.15987652530781e-05	Dl+N+	dpn
4.00431188121515e-09	0.62412882858089	0.526	0.083	6.22270066340835e-05	Dl+N+	Cht2
4.32822138873443e-09	0.948124639066423	0.553	0.116	6.72605603809331e-05	Dl+N+	fz2
4.55804510341804e-09	0.947037363404713	0.632	0.165	7.08320209071164e-05	Dl+N+	DnaJ-1
4.81428543869467e-09	0.818390188325847	0.895	0.471	7.48139957173152e-05	Dl+N+	GILT1
5.56815130900163e-09	0.662795326415641	0.553	0.099	8.65290713418853e-05	Dl+N+	sdt
6.61906927897994e-09	0.763906442403449	0.447	0.058	0.000102860336595348	Dl+N+	Myo10A
7.86101129831858e-09	1.13106560155216	0.605	0.132	0.000122160115575871	Dl+N+	E(spl)m8-HLH
8.0269067735527e-09	0.515084740337691	0.447	0.058	0.000124738131261009	Dl+N+	CG32982
8.98005868455002e-09	0.610922016831963	0.605	0.116	0.000139550111957907	Dl+N+	hid
1.05033854359659e-08	0.540890194814554	0.421	0.05	0.00016322260967491	Dl+N+	CG17265
1.20860572719542e-08	0.949705858192498	0.316	0.017	0.000187817330006169	Dl+N+	dpp
1.26979081720112e-08	1.30952220624739	0.342	0.025	0.000197325492993055	Dl+N+	Hsp68
1.31543147305359e-08	0.845031882820789	0.684	0.215	0.000204418050912527	Dl+N+	Cirl
1.33110279135919e-08	0.559026526510755	0.421	0.05	0.000206853373777218	Dl+N+	Tsp39D
1.39006297779253e-08	0.484988046634121	0.342	0.025	0.000216015786748959	Dl+N+	dome
1.44484945870996e-08	0.455202261791409	0.395	0.041	0.000224529605883527	Dl+N+	sinu
1.66002412675591e-08	0.690948492699822	0.632	0.174	0.000257967749297869	Dl+N+	msi
1.66965679594752e-08	0.560627933667339	0.526	0.099	0.000259464666090245	Dl+N+	CG6398
1.77168771664134e-08	0.403874079599063	0.395	0.041	0.000275320271166065	Dl+N+	btsz
1.85987214359234e-08	0.443434060012984	0.316	0.017	0.000289024131114249	Dl+N+	CG17843
1.96561499475145e-08	0.763627848503961	0.526	0.091	0.000305456570184375	Dl+N+	verm
2.16921730531452e-08	0.522705261886757	0.368	0.033	0.000337096369245877	Dl+N+	CG9427
2.19294978177912e-08	0.497283311294803	0.553	0.107	0.000340784396088476	Dl+N+	CG4455
2.38080025523905e-08	0.512717421271483	0.342	0.025	0.000369976359664148	Dl+N+	GNBP3
2.46536342360644e-08	0.576459944302993	0.632	0.165	0.000383117476028441	Dl+N+	kune
2.50354193527608e-08	1.16416867934294	0.711	0.24	0.000389050416741903	Dl+N+	E(spl)malpha-BFM
2.52902879212222e-08	0.565202613539701	0.447	0.066	0.000393011074295794	Dl+N+	pck
2.60205785947267e-08	0.361000723682479	0.342	0.025	0.000404359791362053	Dl+N+	fus
2.82437317010386e-08	0.932074729811324	0.711	0.256	0.00043890759063414	Dl+N+	EcR
3.49733645021967e-08	0.730247817460884	0.711	0.207	0.000543486084364136	Dl+N+	GstS1
3.9577984804514e-08	0.41999277145424	0.395	0.041	0.000615041883862148	Dl+N+	CG42673
4.81465052093073e-08	0.518299980930563	0.5	0.091	0.000748196690952636	Dl+N+	crim
4.81886712784122e-08	0.495583420558503	0.5	0.083	0.000748851951666525	Dl+N+	CG14984
5.24673320798154e-08	0.667525440562108	0.605	0.165	0.000815342340520331	Dl+N+	CG42231
5.88390108041731e-08	0.986428818920848	0.947	0.562	0.00091435822789685	Dl+N+	Hsromega
5.91600699280266e-08	0.830033231590663	0.842	0.455	0.000919347486681533	Dl+N+	Ppa
6.33422122671371e-08	0.53412108145492	0.368	0.041	0.000984337978631311	Dl+N+	osp
6.38440345299426e-08	0.94410192063607	0.5	0.099	0.000992136296595308	Dl+N+	fj
6.55789941870943e-08	0.726783853611404	0.605	0.14	0.00101909756966745	Dl+N+	ab
6.64178359366274e-08	0.541199274319363	0.684	0.174	0.00103213317045519	Dl+N+	Sip1
7.1140846965365e-08	0.636793249377378	0.947	0.785	0.00110552876184177	Dl+N+	CtBP
7.41233974894241e-08	0.744415224022929	0.474	0.083	0.00115187759698565	Dl+N+	glec
7.46478606077757e-08	0.659248087412736	1	0.992	0.00116002775384483	Dl+N+	CR34335
7.49435886867262e-08	0.38687888722141	0.737	0.198	0.00116462336819172	Dl+N+	kuz
8.97699416122776e-08	0.545163362748171	0.289	0.017	0.00139502489265479	Dl+N+	MYPT-75D
9.85912090175403e-08	0.454235104625656	0.289	0.017	0.00153210738813258	Dl+N+	rtv
1.03310897873942e-07	0.387775957475537	0.289	0.017	0.00160545135296105	Dl+N+	pwn
1.34294354711486e-07	0.516797266261894	0.368	0.041	0.00208693427221649	Dl+N+	CG8740
1.40418879040601e-07	0.376599564500387	0.395	0.05	0.00218210938029094	Dl+N+	ken
1.45196792012218e-07	0.485878461689916	0.368	0.041	0.00225635814786986	Dl+N+	melt
1.81316938364047e-07	0.747120343609508	0.447	0.083	0.00281766522217729	Dl+N+	CG9691
1.8385440460527e-07	0.48979098954	0.474	0.091	0.0028570974475659	Dl+N+	d
2.11820943443892e-07	0.283000641243279	0.316	0.025	0.00329169746111807	Dl+N+	uif
2.22258436982455e-07	0.652969077042035	1	0.992	0.00345389611070736	Dl+N+	CR40469
2.44368787113099e-07	0.935032881132507	0.447	0.083	0.00379749095173756	Dl+N+	bi
2.45655688672634e-07	0.955094020858208	0.474	0.091	0.00381748940197273	Dl+N+	Brd
2.52561015564165e-07	0.572117109525357	0.447	0.083	0.00392479818186713	Dl+N+	Dmtn
2.85061096532404e-07	0.65731116062632	0.526	0.124	0.00442984944011355	Dl+N+	chn
2.92643724649192e-07	0.482927008735409	0.711	0.24	0.00454768348104844	Dl+N+	Atx2
2.94620627018046e-07	0.464427551668751	0.447	0.074	0.00457840454386044	Dl+N+	Vdup1
3.07576345817344e-07	0.540439986108413	0.447	0.083	0.00477973641400152	Dl+N+	nkd
3.44872186011126e-07	1.30039998981557	0.474	0.099	0.0053593137706129	Dl+N+	E(spl)mgamma-HLH
3.52217968661992e-07	0.655535719282263	0.711	0.207	0.00547346723300736	Dl+N+	Fas2
3.59934351923118e-07	0.426112345399039	0.474	0.091	0.00559337982888526	Dl+N+	CG18507
3.84076893039263e-07	0.338509875618973	0.447	0.074	0.00596855491783014	Dl+N+	olf413
3.95370046738619e-07	0.384732703831224	0.316	0.033	0.00614405052631814	Dl+N+	form3
3.99193602827172e-07	0.505218082851802	0.342	0.041	0.00620346858793425	Dl+N+	CG11275
4.08525443189412e-07	0.830034669151073	0.868	0.504	0.00634848538716347	Dl+N+	crol
4.1099910876033e-07	0.506763022524795	0.395	0.066	0.00638692615013553	Dl+N+	Nrx-IV
4.29118715717763e-07	0.651840234628766	0.737	0.248	0.00666850484225404	Dl+N+	babos
4.39357607934476e-07	0.30591020953541	0.368	0.05	0.00682761722730175	Dl+N+	CG3523
4.90398670660248e-07	0.571971060690618	0.368	0.05	0.00762079534206025	Dl+N+	sas
5.04074396652108e-07	0.599672695244049	0.316	0.033	0.00783331612397376	Dl+N+	Pepck
5.47135050884726e-07	0.335454927627307	0.368	0.05	0.00850247869074864	Dl+N+	bnb
5.91996119928242e-07	0.543335893496734	0.316	0.033	0.00919961970368489	Dl+N+	Sema-2b
6.67456604185056e-07	0.420079879418431	0.316	0.033	0.0103722756290358	Dl+N+	CG42575
6.72701228430391e-07	0.392349842671605	0.263	0.017	0.0104537770898083	Dl+N+	ASPP
7.01195036755138e-07	0.613440751085	0.474	0.099	0.0108965708711748	Dl+N+	rg
7.28560995670791e-07	0.508218620388294	1	0.959	0.0113218378727241	Dl+N+	His4r
7.42781835623826e-07	0.82193697695978	0.816	0.438	0.0115428297255943	Dl+N+	gro
7.46157684193679e-07	1.32312855230178	0.447	0.091	0.0115952904123698	Dl+N+	E(spl)m4-BFM
7.52700986722445e-07	0.639048176210227	0.711	0.281	0.0116969733336668	Dl+N+	CG32767
8.04286738954264e-07	0.389730828094931	0.289	0.025	0.0124986159233493	Dl+N+	ko
8.06407088183265e-07	0.278261065724197	0.263	0.017	0.0125315661503679	Dl+N+	CG43163
8.26157437620773e-07	0.626292588702728	0.895	0.529	0.0128384865806268	Dl+N+	Ssrp
8.39728467327804e-07	0.296270693902311	0.474	0.107	0.0130493803822741	Dl+N+	Idgf4
8.46824249623694e-07	0.474134395481434	0.421	0.074	0.0131596488391522	Dl+N+	hui
8.81292001512714e-07	0.505731136770898	0.316	0.033	0.0136952777035076	Dl+N+	CG31869
1.15529551253001e-06	0.937812390287258	0.368	0.058	0.0179532922647164	Dl+N+	Argk
1.21246903607005e-06	0.506587408478578	0.395	0.074	0.0188417688205286	Dl+N+	kek5
1.28220907817702e-06	0.510232102430134	0.974	0.975	0.019925529074871	Dl+N+	Df31
1.40404451533329e-06	1.02730296514734	0.711	0.314	0.0218188517682793	Dl+N+	br
1.44300619961954e-06	0.55992201916807	0.526	0.14	0.0224243163420877	Dl+N+	Sirup
1.57963869897086e-06	0.814041908923454	0.605	0.231	0.0245475853820072	Dl+N+	CG34417
1.58070522911054e-06	0.449450672354429	0.421	0.091	0.0245641592603777	Dl+N+	nsl1
1.58896721305166e-06	0.392166737716304	0.395	0.066	0.0246925504908228	Dl+N+	kkv
1.67638411553014e-06	0.421139143137138	0.342	0.05	0.0260510091553384	Dl+N+	S
1.80672033468222e-06	0.568755255968512	0.368	0.058	0.0280764340009617	Dl+N+	CG10005
1.9331031810012e-06	1.05584763075914	0.342	0.05	0.0300404234327586	Dl+N+	E(spl)mdelta-HLH
1.96642614279685e-06	0.323178177327607	0.421	0.083	0.030558262259063	Dl+N+	numb
2.37644192137388e-06	0.425638902117219	0.474	0.099	0.0369299074581501	Dl+N+	CG10249
2.65600627337302e-06	0.590244493500975	0.342	0.05	0.0412743374882168	Dl+N+	otk2
2.76822928227232e-06	0.547598801989988	0.316	0.041	0.0430182830465119	Dl+N+	CG13300
2.86539630654089e-06	0.286187553901776	0.553	0.149	0.0445282586036454	Dl+N+	Ptp10D
2.89932153494803e-06	0.325774864169521	0.368	0.058	0.0450554566530924	Dl+N+	CG10176
2.93682843263296e-06	0.399361557539072	0.447	0.091	0.0456383138431161	Dl+N+	sano
3.16321224880922e-06	0.319708739090267	0.342	0.05	0.0491563183464953	Dl+N+	Phk-3
3.17693838052064e-06	0.301788324666104	0.289	0.033	0.0493696224332908	Dl+N+	chas
3.3021446944968e-06	0.391512976872329	0.289	0.033	0.0513153285524803	Dl+N+	CG1806
3.35353197045957e-06	0.560238451646582	0.947	0.843	0.0521138868209418	Dl+N+	Akap200
3.43207583089484e-06	0.371711694546814	0.289	0.033	0.0533344584121059	Dl+N+	Cad86C
3.43207583089484e-06	0.333142086141228	0.289	0.033	0.0533344584121059	Dl+N+	CG9990
3.43207583089484e-06	0.284786461957396	0.289	0.033	0.0533344584121059	Dl+N+	BRWD3
3.97626688961243e-06	0.660909555933414	0.842	0.504	0.0617911874645771	Dl+N+	AGO1
3.9879505248618e-06	0.285250887342127	0.316	0.041	0.0619727511563523	Dl+N+	CG32137
4.28154313142791e-06	0.632139958993001	0.658	0.24	0.0665351802623897	Dl+N+	vfl
4.35808722440484e-06	0.418032484208558	0.474	0.116	0.0677246754672512	Dl+N+	CG11984
4.61983934593264e-06	0.281110159224762	0.474	0.107	0.0717923034357932	Dl+N+	CG3625
4.66324516579082e-06	0.360983088787989	0.289	0.033	0.0724668298763894	Dl+N+	CG13377
4.69773240082419e-06	0.498552443959223	0.421	0.099	0.073002761508808	Dl+N+	mura
4.93373172881339e-06	0.590588698514992	0.579	0.198	0.07667019106576	Dl+N+	feo
5.0164410348382e-06	0.562054030224045	0.395	0.083	0.0779554936813856	Dl+N+	Gfat1
5.22606819676996e-06	0.386369636507559	0.289	0.033	0.0812130997778051	Dl+N+	DOR
5.3244425733899e-06	0.277827323916079	0.263	0.025	0.082741837590479	Dl+N+	sca
5.83381446947975e-06	0.278265659588993	0.368	0.074	0.0906574768557153	Dl+N+	Ugt86Da
5.91603983070382e-06	0.387526284747613	0.395	0.074	0.0919352589691373	Dl+N+	jbug
6.09401432312984e-06	0.510956158635594	0.421	0.099	0.0947009825814377	Dl+N+	GstE11
6.24377298013089e-06	0.452000483082561	0.763	0.306	0.097028232111234	Dl+N+	CG11138
6.55983761710539e-06	0.76857180798341	0.921	0.603	0.101939876569818	Dl+N+	spen
6.65696178288527e-06	0.619914093779747	0.421	0.091	0.103449186106037	Dl+N+	CG42342
6.85380934994474e-06	0.660529640637491	0.868	0.438	0.106508197298141	Dl+N+	brat
6.99865342840868e-06	0.661491956988156	0.816	0.537	0.108759074277471	Dl+N+	psq
7.09069534913427e-06	0.992128473772003	0.289	0.041	0.110189405725547	Dl+N+	dac
7.27824435273538e-06	0.580542506514929	0.868	0.521	0.113103917241508	Dl+N+	lola
7.71637736948482e-06	0.493834822261299	0.368	0.074	0.119912504321794	Dl+N+	CG42327
7.75302853569427e-06	0.439641344876676	0.632	0.223	0.120482063444689	Dl+N+	CG1440
8.05561791597733e-06	0.852381966562589	0.711	0.347	0.125184302414288	Dl+N+	hth
8.34022836973803e-06	0.377483431101775	0.447	0.099	0.129607148865729	Dl+N+	noe
8.77652437926565e-06	0.371971009546139	0.316	0.05	0.136387188853788	Dl+N+	cdi
8.80843550302224e-06	0.54884961257689	0.289	0.041	0.136883087716966	Dl+N+	scb
9.08119533290769e-06	0.353934807930371	0.316	0.05	0.141121775473386	Dl+N+	knk
9.31524611867906e-06	0.594344457140201	0.816	0.471	0.144758924684273	Dl+N+	Map205
9.56895295145928e-06	0.625664071981107	0.368	0.074	0.148701528865677	Dl+N+	CR43051
9.56895295145928e-06	0.376084603760115	0.368	0.074	0.148701528865677	Dl+N+	CG13252
1.04863547855426e-05	0.412902045838707	0.368	0.074	0.162957953367332	Dl+N+	CG6040
1.04867801320199e-05	0.395161522329562	0.368	0.074	0.16296456325159	Dl+N+	kug
1.05844361359318e-05	0.348984332076211	0.447	0.107	0.16448213755238	Dl+N+	vari
1.06832237784081e-05	0.461068485693312	0.605	0.207	0.166017297516462	Dl+N+	grp
1.08109800944918e-05	0.483045585958237	0.368	0.074	0.168002630668402	Dl+N+	aru
1.11696803128464e-05	0.532418292156057	0.368	0.083	0.173576832061634	Dl+N+	Chd1
1.12312368909163e-05	0.458606267447274	0.263	0.033	0.174533421284839	Dl+N+	CG31195
1.15276284161532e-05	1.21196943924114	0.842	0.686	0.179139345587021	Dl+N+	Hsp27
1.16635630497233e-05	0.536824423227656	0.263	0.033	0.1812517697927	Dl+N+	su(s)
1.17754070905122e-05	0.852982772682046	0.789	0.479	0.182989826186559	Dl+N+	emc
1.21270820912099e-05	0.657845557313296	0.421	0.107	0.188454855697402	Dl+N+	Spn28Dc
1.29604956875552e-05	0.457937055211862	0.579	0.198	0.201406102984608	Dl+N+	CG9331
1.30780785292816e-05	0.483215027795549	0.474	0.14	0.203233340345035	Dl+N+	Chro
1.34037137402393e-05	0.65932943075716	0.447	0.132	0.208293711523319	Dl+N+	CR43334
1.3509000220638e-05	0.275486052309736	0.289	0.041	0.209929863428715	Dl+N+	Magi
1.39083990936613e-05	0.45346717836338	0.421	0.107	0.216136521915497	Dl+N+	Sir2
1.74969321477967e-05	0.583873147332888	0.368	0.074	0.27190232557676	Dl+N+	CG9689
1.75960501117293e-05	0.278993675510554	0.263	0.033	0.273442618736273	Dl+N+	yellow-c
1.82254351364119e-05	0.39590742551787	0.632	0.256	0.283223262019841	Dl+N+	east
1.82591871055212e-05	0.571308172717687	0.263	0.033	0.2837477676198	Dl+N+	obst-A
1.89460899274981e-05	0.476402758087252	0.263	0.033	0.29442223747332	Dl+N+	SK
1.91026346720792e-05	0.643633602192991	0.579	0.231	0.296854942804111	Dl+N+	shg
2.08924112290507e-05	0.430716540902015	0.395	0.091	0.324668070499449	Dl+N+	CG30069
2.10970796225029e-05	0.325826035922799	0.474	0.14	0.327848617333695	Dl+N+	Pitslre
2.15973558546174e-05	0.521621347335896	0.316	0.058	0.335622909980754	Dl+N+	CG6700
2.22267334238824e-05	0.493342256233156	0.921	0.744	0.345403437407132	Dl+N+	Mapmodulin
2.2809885744214e-05	0.705883432924806	0.342	0.074	0.354465624465086	Dl+N+	trn
2.37675494564972e-05	0.552567052713843	0.316	0.058	0.369347718553967	Dl+N+	CBP
2.40615022166854e-05	0.445954003970234	0.395	0.099	0.373915744447292	Dl+N+	ft
2.44906538862937e-05	0.282135402217822	0.263	0.033	0.380584761393004	Dl+N+	mav
2.55789532076613e-05	0.469525811260276	0.421	0.116	0.397496932847056	Dl+N+	Paf-AHalpha
3.08490888406551e-05	0.523189064924941	0.737	0.364	0.479394840583781	Dl+N+	nej
3.19119691496353e-05	0.382703906015861	0.421	0.107	0.495912000585332	Dl+N+	CR31044
3.19193599541204e-05	0.592500383642723	0.368	0.091	0.496026853687032	Dl+N+	jar
3.45198160190314e-05	0.663104017747325	0.289	0.05	0.536437940935748	Dl+N+	serp
3.50883334487489e-05	0.457893421968455	0.658	0.273	0.545272701793558	Dl+N+	CG2926
3.56710976855938e-05	0.250656936515427	0.289	0.05	0.554328858034127	Dl+N+	Pkn
3.61729684561584e-05	0.455822512131763	0.974	0.81	0.562127929808701	Dl+N+	D1
3.68587789635237e-05	0.403681128348118	0.289	0.05	0.572785425093159	Dl+N+	CG33275
3.7591619685793e-05	0.596526205530484	0.763	0.397	0.584173769917224	Dl+N+	Rsf1
4.05135566746998e-05	0.307355599083019	0.579	0.215	0.629580670724835	Dl+N+	scramb2
4.05504967928447e-05	0.26635513556237	0.316	0.058	0.630154720160807	Dl+N+	CG14291
4.17523779792524e-05	0.38224386688614	0.263	0.041	0.648831953797582	Dl+N+	jub
4.18265385314135e-05	0.276640069684216	0.316	0.058	0.649984408778166	Dl+N+	CG13698
4.21117063340268e-05	1.64042102892673	0.368	0.091	0.654415916430776	Dl+N+	pncr002:3R
4.33820864600356e-05	0.54709030783809	0.289	0.05	0.674157623588954	Dl+N+	mab-21
4.52056740564107e-05	0.87242463598985	0.421	0.124	0.702496174836623	Dl+N+	CG4080
4.62864233004902e-05	0.337758496432817	0.289	0.05	0.719291018089618	Dl+N+	nahoda
4.62864233004902e-05	0.30667110483179	0.289	0.05	0.719291018089618	Dl+N+	Kul
4.630211578447e-05	0.486098002521407	0.421	0.116	0.719534879290664	Dl+N+	Evi5
4.70935514538504e-05	0.52824053060845	0.447	0.14	0.731833789592835	Dl+N+	Sur-8
4.71314395943182e-05	0.526111597593597	0.526	0.182	0.732422571295706	Dl+N+	pyd
4.73015099799119e-05	0.630880096651053	0.789	0.479	0.735065465087831	Dl+N+	kis
5.30986872726684e-05	0.437697021590798	0.316	0.066	0.825153600217267	Dl+N+	raw
5.32466487728367e-05	0.479638787585747	0.5	0.174	0.827452921929883	Dl+N+	BicD
5.48078346579573e-05	0.314882106142858	0.447	0.124	0.851713750584656	Dl+N+	Pde11
5.48705832674617e-05	0.257537149127578	0.263	0.041	0.852688863976355	Dl+N+	CG7197
5.65224248854184e-05	0.511146172163989	0.342	0.074	0.878358482719402	Dl+N+	Ocho
5.773934494285e-05	0.521722177963227	1	0.711	0.897269420411889	Dl+N+	Syp
5.98835168242056e-05	0.373289288951634	0.447	0.14	0.930589851448154	Dl+N+	CG10139
6.02784147080589e-05	0.39080487755789	0.474	0.157	0.936726564563235	Dl+N+	Clamp
6.02999154725546e-05	0.49082944113528	0.5	0.165	0.937060686443498	Dl+N+	ZAP3
6.04106887727622e-05	0.539687218946019	0.632	0.281	0.938782103528724	Dl+N+	tai
6.30376081589252e-05	0.381480313469571	0.395	0.099	0.979604430789698	Dl+N+	crb
6.33519820283742e-05	0.351258675544185	0.342	0.074	0.984489800720935	Dl+N+	dbr
6.70524801791222e-05	0.498318156376693	0.816	0.446	1	Dl+N+	wdb
6.82764240967795e-05	0.266969874491133	0.447	0.124	1	Dl+N+	AP-1mu
6.86128381410782e-05	0.499431057162001	0.842	0.57	1	Dl+N+	gish
7.03854880936003e-05	0.338713508031988	1	0.851	1	Dl+N+	ctp
7.18317093483521e-05	0.258114075595388	0.263	0.041	1	Dl+N+	CG1607
7.36963396662018e-05	0.344265191966434	1	0.992	1	Dl+N+	14-3-3epsilon
7.7243037149952e-05	0.387450923735965	0.5	0.165	1	Dl+N+	CG7946
7.88271867621269e-05	0.403898146642518	0.605	0.231	1	Dl+N+	Btk29A
7.97982333187452e-05	0.51504744010255	0.474	0.165	1	Dl+N+	gpp
8.0329748429285e-05	0.410984605856433	0.974	0.802	1	Dl+N+	rin
8.27762530574165e-05	0.439351526371446	0.368	0.091	1	Dl+N+	Msr-110
8.50706607245673e-05	0.624186280379347	0.632	0.306	1	Dl+N+	rudhira
8.55379595761927e-05	0.50885623313226	0.579	0.223	1	Dl+N+	osa
8.76860520653981e-05	0.632863666745603	0.579	0.264	1	Dl+N+	nmo
8.78463267221222e-05	0.426007177356733	0.553	0.207	1	Dl+N+	CG2182
8.94667980142558e-05	0.290097363901345	0.447	0.14	1	Dl+N+	RhoGAPp190
9.00682333750739e-05	0.537280757133403	0.658	0.289	1	Dl+N+	Paip2
9.14571948554108e-05	0.414285576763453	0.868	0.504	1	Dl+N+	klar
9.46407208317536e-05	0.375332301032667	0.368	0.099	1	Dl+N+	put
9.67103553994982e-05	0.328109104436134	0.579	0.223	1	Dl+N+	CG1677
9.75936538851278e-05	0.582372829552847	0.395	0.107	1	Dl+N+	CG31997
0.00010007097074498	0.380105616881297	0.658	0.298	1	Dl+N+	MED19
0.000100731133339171	0.393332164683247	0.579	0.223	1	Dl+N+	Gug
0.000100814919957726	0.321297428952232	0.342	0.083	1	Dl+N+	Hsf
0.000102420831754065	0.497320495729	0.842	0.488	1	Dl+N+	Smr
0.000105561062733747	0.513889966608703	0.921	0.769	1	Dl+N+	hdc
0.000108990644097087	0.485427404674736	0.632	0.306	1	Dl+N+	CG8188
0.000113515457116599	0.286889352867859	0.368	0.091	1	Dl+N+	stv
0.000117807542990129	0.304764001181927	0.289	0.058	1	Dl+N+	rig
0.000118110797267555	0.421780411432408	0.526	0.207	1	Dl+N+	E(bx)
0.000125643008512258	0.372935435034521	1	0.959	1	Dl+N+	Bacc
0.000129975516227438	0.367252458268332	0.395	0.116	1	Dl+N+	Mad
0.000130299440876421	0.859796695278201	0.789	0.504	1	Dl+N+	E(spl)m3-HLH
0.000137270183709906	0.47767494069323	0.737	0.413	1	Dl+N+	hts
0.000145964865700308	0.57442293749871	0.421	0.14	1	Dl+N+	tum
0.00014667741476767	0.424289138076426	0.342	0.091	1	Dl+N+	Ptp99A
0.000148363049549862	0.653186279305839	0.447	0.174	1	Dl+N+	l(3)psg2
0.000150010936189949	0.314016021383773	0.368	0.099	1	Dl+N+	crok
0.000152480507757461	0.31508168427145	0.395	0.107	1	Dl+N+	CG17032
0.000157330446752508	0.46738458670022	0.263	0.05	1	Dl+N+	CG30463
0.000161603068964067	0.421753861647695	0.395	0.116	1	Dl+N+	baz
0.000162467605756129	0.513304895696698	0.316	0.083	1	Dl+N+	fra
0.000164326902831945	0.458328791243176	0.658	0.339	1	Dl+N+	CG3605
0.00016537970744728	0.445594187293086	0.447	0.157	1	Dl+N+	simj
0.000173153850141812	0.336212257016013	0.605	0.248	1	Dl+N+	CG43736
0.000174390016165	0.451399676156588	0.974	0.702	1	Dl+N+	Unr
0.000179269681047857	0.520974110601367	0.5	0.19	1	Dl+N+	g
0.000181907387428969	0.416851607449061	0.421	0.149	1	Dl+N+	Cnot4
0.000182358157295194	0.55314608996541	0.289	0.066	1	Dl+N+	toy
0.000183288876975376	0.465022529979665	0.921	0.645	1	Dl+N+	fs(1)h
0.000183638212708438	0.251700178030207	0.263	0.05	1	Dl+N+	Cog3
0.000185291929444356	0.291695392064601	0.342	0.091	1	Dl+N+	CG1399
0.00018881779676503	0.369681101964898	0.5	0.174	1	Dl+N+	Vang
0.000191892224740004	0.428022057126196	0.421	0.14	1	Dl+N+	CG32264
0.0001920700207345	0.464439373845609	0.711	0.355	1	Dl+N+	Sdc
0.000203643771524514	1.16409324187619	0.447	0.165	1	Dl+N+	rpr
0.000210685881772934	0.444874715271693	0.342	0.091	1	Dl+N+	Rgl
0.000212657745893512	0.461554811387698	0.763	0.496	1	Dl+N+	NAT1
0.000214041051471262	0.252033019754132	0.263	0.05	1	Dl+N+	CG17919
0.000217228131929461	0.458276644381166	0.447	0.165	1	Dl+N+	Nipped-A
0.000218224891085483	0.385631768909285	0.579	0.24	1	Dl+N+	Dp
0.000219455450415989	0.369283449213949	0.368	0.107	1	Dl+N+	dikar
0.00021994588526747	0.256274144122009	0.553	0.207	1	Dl+N+	CG1648
0.000224880753642364	0.378417343408573	0.5	0.19	1	Dl+N+	CG4612
0.000225944581352049	0.369938588510381	0.421	0.132	1	Dl+N+	eIF4G2
0.000231972530454383	0.576959631229119	0.605	0.281	1	Dl+N+	Usp7
0.00023331737230578	0.377969444914893	0.342	0.091	1	Dl+N+	Gadd34
0.000234488688378481	0.357822195966699	0.263	0.05	1	Dl+N+	CG13188
0.000235293092516646	0.38610645601652	0.289	0.066	1	Dl+N+	inaE
0.000236063252657018	0.451164505925976	0.526	0.231	1	Dl+N+	Ptp61F
0.000246808753443265	0.552725747314695	0.816	0.636	1	Dl+N+	Dsp1
0.00025108863743607	0.373149035557415	0.947	0.661	1	Dl+N+	Tm1
0.000254974086330614	0.392144484086135	0.711	0.388	1	Dl+N+	Cdk1
0.000255931189225893	0.440638216955003	0.289	0.066	1	Dl+N+	Src64B
0.000260482489096514	0.275160256451694	0.474	0.157	1	Dl+N+	CG17904
0.000263179645875407	0.290626678045988	0.289	0.066	1	Dl+N+	CG10217
0.00026524420945347	0.401391015040995	0.368	0.116	1	Dl+N+	fzy
0.000276615561590124	0.544715806875167	0.789	0.537	1	Dl+N+	Amun
0.000277637363897072	0.452047211129873	0.974	0.926	1	Dl+N+	Hsp83
0.000280271179904394	0.614474625659457	0.658	0.339	1	Dl+N+	ImpL2
0.000281042958372739	0.349382750235229	0.553	0.223	1	Dl+N+	CG10754
0.000284310138794189	0.542716033499999	0.474	0.174	1	Dl+N+	CG14073
0.000285588273492064	0.332370039107463	0.342	0.091	1	Dl+N+	CG7337
0.000285588273492064	0.273078013398247	0.342	0.091	1	Dl+N+	Sep5
0.000291297845986952	0.287516962801858	1	0.802	1	Dl+N+	eff
0.000296803228989692	0.552322462941497	0.263	0.058	1	Dl+N+	Prx2540-1
0.000296924454768324	0.298417448384774	0.447	0.157	1	Dl+N+	plum
0.000315358806728453	0.767893859674666	0.526	0.231	1	Dl+N+	CG43658
0.000329018115248101	0.485946815357233	0.816	0.562	1	Dl+N+	Nrg
0.000330005413434446	0.253672110076781	0.368	0.107	1	Dl+N+	Mcr
0.00033328175637898	0.386932082718664	0.263	0.058	1	Dl+N+	Tsp66E
0.000333730052148554	0.394732570300017	0.711	0.38	1	Dl+N+	crp
0.000336262780995617	0.424537885335059	0.632	0.289	1	Dl+N+	PIP4K
0.000337647726267598	0.267754410141097	0.289	0.066	1	Dl+N+	CR32218
0.000361036239640642	0.317832516869927	0.632	0.314	1	Dl+N+	x16
0.000366785826947966	0.41322327014742	0.553	0.248	1	Dl+N+	CG12054
0.000367188638463131	0.318866867158653	0.395	0.116	1	Dl+N+	stau
0.000372297660342443	0.39840676581379	0.605	0.281	1	Dl+N+	ena
0.00037959992345203	0.321649471266367	0.447	0.149	1	Dl+N+	tud
0.000386757376101662	0.267686610450515	0.474	0.174	1	Dl+N+	CG5645
0.000387800122145309	0.324474949169774	0.605	0.248	1	Dl+N+	CG10803
0.000394394847210866	0.328382282807295	0.289	0.074	1	Dl+N+	CG42306
0.000402323362163233	0.567051220049795	0.5	0.223	1	Dl+N+	HP5
0.000407949062185058	0.546709192763631	0.632	0.314	1	Dl+N+	CycT
0.00041118409256305	0.414276633350972	0.526	0.223	1	Dl+N+	Cbp20
0.000415516867901022	0.394556332993512	0.737	0.397	1	Dl+N+	miple2
0.000420358545036741	0.483344152070229	0.474	0.19	1	Dl+N+	SRm160
0.000422089138728457	0.422500856882582	0.789	0.471	1	Dl+N+	Galphai
0.000426012059516846	0.614565058269813	0.526	0.215	1	Dl+N+	GstO3
0.000445370912776058	0.381937038472157	0.368	0.124	1	Dl+N+	CG9917
0.000471764501306178	0.484135367433853	0.342	0.107	1	Dl+N+	pr-set7
0.000477346422104903	0.624846596961209	0.5	0.223	1	Dl+N+	CG42684
0.000488802728050429	0.412402593954443	0.342	0.099	1	Dl+N+	CG6287
0.000522759042058056	0.397023487716768	0.579	0.256	1	Dl+N+	wde
0.000530233003906986	0.397434119634902	0.947	0.603	1	Dl+N+	Prosalpha4
0.000540816951144181	0.395751554294104	0.289	0.074	1	Dl+N+	tutl
0.000543224369048388	0.2630346905899	0.368	0.116	1	Dl+N+	FER
0.000555067875305199	0.454500472227222	0.289	0.074	1	Dl+N+	ptc
0.000584624991994677	0.361488125703289	0.289	0.074	1	Dl+N+	pgant5
0.000619020178967183	0.351376461298845	0.947	0.942	1	Dl+N+	Hrb27C
0.0006314479360642	0.405297943564107	0.816	0.537	1	Dl+N+	Droj2
0.000636775031656206	0.452028576017253	0.632	0.314	1	Dl+N+	Dlic
0.000645349601042203	0.558148933919675	0.553	0.248	1	Dl+N+	hang
0.000684099659743283	0.382632039373995	0.579	0.281	1	Dl+N+	cic
0.000691337261953536	0.353592421662601	0.553	0.256	1	Dl+N+	CG42232
0.000715912989637441	0.349471489273894	0.342	0.107	1	Dl+N+	CG11873
0.000750702360288777	0.290188671771414	0.316	0.091	1	Dl+N+	Hr39
0.000752302326193228	0.414863819737333	0.447	0.182	1	Dl+N+	Cka
0.000758190637165393	0.37184510749341	0.395	0.149	1	Dl+N+	ci
0.000789347781195785	0.50444628547879	0.289	0.083	1	Dl+N+	Mtl
0.000803986596731471	0.328056013559887	0.263	0.066	1	Dl+N+	mxt
0.000849064800811127	0.51638127147838	0.605	0.306	1	Dl+N+	gw
0.000860697522236574	0.268906677937852	0.526	0.223	1	Dl+N+	Sin3A
0.000863177757250061	0.320714988227995	0.368	0.124	1	Dl+N+	fd68A
0.000888878839932697	0.388516207783197	0.711	0.372	1	Dl+N+	CG42724
0.000893579012279678	0.34664312889612	0.263	0.066	1	Dl+N+	CG13784
0.000930184760325149	0.663632381693192	0.868	0.744	1	Dl+N+	CG6770
0.000933909679919589	0.452134310379484	0.553	0.273	1	Dl+N+	CG12163
0.000938484759700144	0.290874376046412	0.684	0.372	1	Dl+N+	CG10077
0.000974557055028138	0.442611958637415	0.842	0.645	1	Dl+N+	ben
0.000987610618649157	0.310097900008307	0.553	0.24	1	Dl+N+	Rbp1-like
0.000989317420480324	0.370029258986378	0.395	0.149	1	Dl+N+	mew
0.000997260641162381	0.421201215728381	0.737	0.479	1	Dl+N+	tral
0.00100754266086577	0.366233629377268	0.737	0.488	1	Dl+N+	glo
0.00104544241342965	0.386716334174696	0.263	0.066	1	Dl+N+	Egfr
0.00107045190932258	0.340038819309492	0.474	0.207	1	Dl+N+	msd1
0.00108660096044229	0.402773766747984	0.395	0.14	1	Dl+N+	fl(2)d
0.00117572459120965	0.314299404777116	0.632	0.322	1	Dl+N+	upSET
0.00120404199001841	0.440365659285276	0.553	0.273	1	Dl+N+	beta-Spec
0.00122645989509702	0.541330850827675	0.684	0.347	1	Dl+N+	Fim
0.00124037998969139	0.507552167502812	0.5	0.24	1	Dl+N+	CG10543
0.00126278346238208	0.314926879833516	0.579	0.273	1	Dl+N+	Eph
0.00128739127562823	0.550738644982387	0.553	0.273	1	Dl+N+	CG8677
0.00133470757853086	0.517572291028414	0.632	0.347	1	Dl+N+	Sxl
0.00133626884483528	0.325523954218528	0.395	0.149	1	Dl+N+	Ibf1
0.00136567495975277	0.356124114390244	0.605	0.306	1	Dl+N+	Rcd-1
0.00138171618479703	0.403322151112912	0.342	0.116	1	Dl+N+	Spred
0.0014166158710001	0.371971126213673	0.974	0.777	1	Dl+N+	cib
0.00141772750344526	1.50148247449732	0.474	0.264	1	Dl+N+	Hsp26
0.00144336582037518	0.304211885748391	0.289	0.091	1	Dl+N+	RAF2
0.00144525980995026	0.444933683216901	0.474	0.231	1	Dl+N+	CG17493
0.00146663091058722	0.383441872877799	0.526	0.248	1	Dl+N+	p120ctn
0.00147315884348937	0.279436692022691	0.342	0.116	1	Dl+N+	yrt
0.00148707739204729	0.360184712955606	0.421	0.174	1	Dl+N+	AP-1gamma
0.00153296008174887	0.358113693946709	0.395	0.157	1	Dl+N+	LpR2
0.00154902266756219	0.336437604521585	0.553	0.256	1	Dl+N+	Tet
0.00162067144577944	1.03423139914527	0.316	0.107	1	Dl+N+	Mmp2
0.00163424264207368	0.399772595822267	0.5	0.231	1	Dl+N+	CG8949
0.0016638960508244	0.357097684077848	0.421	0.174	1	Dl+N+	e(y)2
0.00166849980115419	0.348352197524962	0.263	0.074	1	Dl+N+	CG17078
0.00176660034903185	0.347605179529794	0.368	0.132	1	Dl+N+	CG10082
0.00176980208565343	0.377320224472059	0.868	0.579	1	Dl+N+	Dek
0.00178199408390797	0.353387944342802	0.342	0.116	1	Dl+N+	Myd88
0.00179534688072735	0.265289814469167	0.263	0.074	1	Dl+N+	CG1965
0.00180826246510099	0.356374017285173	0.5	0.24	1	Dl+N+	CG17272
0.00188477289443658	0.252111822088031	0.263	0.074	1	Dl+N+	CG32075
0.00188927260771627	0.416639086101238	0.658	0.388	1	Dl+N+	CG10777
0.00190072978195228	0.372396633742078	0.553	0.264	1	Dl+N+	UbcE2H
0.00190217029334344	0.290437018248691	0.289	0.091	1	Dl+N+	Pdk1
0.00192003563419176	0.282093672149439	0.447	0.182	1	Dl+N+	Csk
0.00192020529168041	0.336477489116251	0.895	0.636	1	Dl+N+	zip
0.00193012528409784	0.37475860156312	0.395	0.157	1	Dl+N+	Pka-R1
0.00194954280958036	0.349315280376187	0.526	0.248	1	Dl+N+	CG12391
0.00199123279857062	0.349880418291005	0.395	0.165	1	Dl+N+	CG8184
0.00206578209955953	0.328084140679833	0.658	0.388	1	Dl+N+	par-1
0.00206644624750667	0.35952131769747	0.368	0.14	1	Dl+N+	cmet
0.00208266763777532	0.285844768073539	0.289	0.091	1	Dl+N+	CG16812
0.00214163181334989	0.354394216124901	0.921	0.76	1	Dl+N+	crc
0.00217838593693422	0.326941575575853	0.474	0.207	1	Dl+N+	CG7154
0.00221552523382418	0.417862724402646	0.816	0.512	1	Dl+N+	sbb
0.00224522797368377	0.284566837028886	0.395	0.157	1	Dl+N+	XNP
0.00225741692227074	0.355026814798347	0.895	0.57	1	Dl+N+	His3.3B
0.00227833267231124	0.490991631953264	0.763	0.529	1	Dl+N+	Atpalpha
0.00228776837104849	0.515238443223643	0.368	0.165	1	Dl+N+	CG34401
0.00232588343154868	0.380897535760444	0.868	0.694	1	Dl+N+	Lk6
0.00235095680754679	0.25191880755277	0.474	0.223	1	Dl+N+	CG45049
0.00241201576338473	0.413113701981201	0.605	0.322	1	Dl+N+	aop
0.00241981992600293	0.495435936641068	0.658	0.372	1	Dl+N+	CG40228
0.00242426770707658	0.265387361786042	0.342	0.124	1	Dl+N+	MED7
0.0024461485970648	0.344908888615164	0.421	0.174	1	Dl+N+	RnrS
0.00245632151484358	0.356770873539	0.816	0.57	1	Dl+N+	CG5554
0.00245704495988767	0.435236826202478	0.368	0.157	1	Dl+N+	CG32758
0.0024890311609505	0.264862127527163	0.316	0.107	1	Dl+N+	CG17168
0.00250466868324931	0.404734424963517	0.395	0.174	1	Dl+N+	Roc2
0.00254199395025372	0.313435658324892	0.316	0.107	1	Dl+N+	CG6959
0.00257306112050774	0.427998988226888	0.263	0.074	1	Dl+N+	GEFmeso
0.00258200876741492	0.274555602224617	0.421	0.174	1	Dl+N+	SMC2
0.0026302648855791	0.384281603955208	0.816	0.57	1	Dl+N+	Lam
0.00285911377626869	0.297268293156311	0.395	0.157	1	Dl+N+	CG5708
0.00286755001260953	0.283618360316071	0.579	0.273	1	Dl+N+	Su(Tpl)
0.00288109237187073	0.285572681723005	0.553	0.264	1	Dl+N+	Taf4
0.0029723583115845	0.423009534650652	0.658	0.471	1	Dl+N+	RhoGAP71E
0.00298284714008969	0.331502853032053	0.316	0.116	1	Dl+N+	elav
0.0030258189258832	0.528396631521759	0.526	0.281	1	Dl+N+	corto
0.0030424203740097	0.287108743049196	0.395	0.165	1	Dl+N+	Cul1
0.00330795321587546	0.65506519246845	0.342	0.14	1	Dl+N+	tara
0.00334229421405738	0.45097013440865	0.263	0.091	1	Dl+N+	Unc-115a
0.00337101835384882	0.275048868305689	0.526	0.256	1	Dl+N+	CG14478
0.00340932361301412	0.374229304352227	0.5	0.223	1	Dl+N+	CG5830
0.00341150830149919	0.357277726441838	0.526	0.264	1	Dl+N+	Bub3
0.00342455339897992	0.415969218541161	0.553	0.273	1	Dl+N+	jigr1
0.00342849964413872	0.284340316139138	0.947	0.826	1	Dl+N+	Rm62
0.00345202715931412	0.262430176135187	0.421	0.182	1	Dl+N+	twin
0.00346504888906449	0.262265503715064	0.5	0.223	1	Dl+N+	mod(mdg4)
0.00350785752249365	0.430883177676472	0.316	0.116	1	Dl+N+	not
0.00351295432911145	0.367040469588284	0.921	0.686	1	Dl+N+	CkIalpha
0.00353024318995579	0.367920710075779	0.553	0.281	1	Dl+N+	how
0.00356086981265008	0.268867386325091	0.553	0.248	1	Dl+N+	Rpd3
0.00359680555496919	0.332821718528619	0.289	0.099	1	Dl+N+	ex
0.00363022483241306	0.318485598855336	0.526	0.264	1	Dl+N+	CG8963
0.00371651875908326	0.698280572965941	0.553	0.306	1	Dl+N+	kek1
0.00371651875908326	0.561413904791467	0.553	0.306	1	Dl+N+	DCP2
0.00378228518994107	0.413413648779545	0.579	0.314	1	Dl+N+	Gprk1
0.00380807052823696	0.302716164672371	0.368	0.14	1	Dl+N+	Cdk2
0.0038120672896599	0.281863347911357	0.553	0.273	1	Dl+N+	sau
0.00383005018632046	0.250536499560545	0.263	0.083	1	Dl+N+	Sap130
0.00383152841388053	0.28646978229399	0.289	0.099	1	Dl+N+	Lnk
0.00393401601693796	0.440384163137722	0.711	0.479	1	Dl+N+	Nipped-B
0.00395098550034704	0.335322629776212	0.579	0.322	1	Dl+N+	Rox8
0.0040022836404487	0.405806971393825	0.632	0.314	1	Dl+N+	CG5941
0.00401251872127629	0.264001870987063	0.974	0.76	1	Dl+N+	akirin
0.0040675171092895	0.28908896529928	0.342	0.132	1	Dl+N+	IntS6
0.00408617215217283	0.371383423349403	0.5	0.24	1	Dl+N+	CG32369
0.00409060899092589	0.441567567659151	0.447	0.223	1	Dl+N+	trx
0.00423835286301834	0.39998034161701	0.711	0.446	1	Dl+N+	stai
0.00425382914338899	0.315264632380003	0.289	0.099	1	Dl+N+	CG4004
0.00445409214358063	0.264052720945961	0.316	0.116	1	Dl+N+	U2A
0.00445716985247023	0.407205725655961	0.737	0.537	1	Dl+N+	Sem1
0.00453587710419395	0.333572000260851	0.263	0.091	1	Dl+N+	Dredd
0.00466166584433198	0.34310278971704	0.868	0.711	1	Dl+N+	Pdcd4
0.00472825000286151	0.41829941296815	0.474	0.215	1	Dl+N+	Acf1
0.00477244335658132	0.403869674625511	0.447	0.19	1	Dl+N+	olf186-F
0.00481376568426382	0.340870309341696	0.342	0.14	1	Dl+N+	CG8026
0.00493883351696966	0.336719841243255	0.289	0.107	1	Dl+N+	YL-1
0.00495919654691694	0.330804353719258	0.789	0.529	1	Dl+N+	Bsg
0.00497899467550977	0.469816051165052	0.5	0.256	1	Dl+N+	CycA
0.00499451235159036	0.459274762034754	0.421	0.207	1	Dl+N+	foxo
0.00503928116053746	0.421932315200536	0.289	0.107	1	Dl+N+	NKAIN
0.00507478905336363	0.258524600700039	0.395	0.157	1	Dl+N+	dnk
0.00508150397436188	0.253004985874588	0.5	0.24	1	Dl+N+	pzg
0.00511584963303265	0.364721883782542	0.711	0.446	1	Dl+N+	SmD3
0.00518078315104848	0.339416507494584	0.342	0.14	1	Dl+N+	CG34449
0.00541707613929088	0.320523974033663	0.421	0.207	1	Dl+N+	nrv1
0.00545980222921704	0.308403002840926	0.289	0.107	1	Dl+N+	Spindly
0.00546645548957031	0.460792685561069	0.5	0.264	1	Dl+N+	wech
0.00551197328263824	0.290409531551379	0.316	0.124	1	Dl+N+	Dpy-30L1
0.00553978478101092	0.39502951938004	0.711	0.446	1	Dl+N+	MED26
0.00556850023781708	0.276957674109016	0.368	0.157	1	Dl+N+	CG42806
0.00567713878888869	0.315946670600729	0.605	0.355	1	Dl+N+	CG42336
0.00573527527612593	0.353943785369316	0.316	0.116	1	Dl+N+	slgA
0.00580832046532806	0.276201473106634	0.421	0.198	1	Dl+N+	CG1513
0.00607754554622259	0.256635895624419	0.395	0.182	1	Dl+N+	unc-13
0.00612657218388768	0.293224649189078	0.342	0.132	1	Dl+N+	RapGAP1
0.00615360250491913	0.40353990729431	0.447	0.231	1	Dl+N+	O-fut1
0.00620767455133916	0.284970060918503	0.474	0.24	1	Dl+N+	RpII15
0.00620946754636008	0.606606634695168	0.342	0.157	1	Dl+N+	roX2
0.00625479324445961	0.432515934348882	0.526	0.289	1	Dl+N+	CG32428
0.00634371927563993	0.268752584417126	0.395	0.165	1	Dl+N+	Mnt
0.00639173595496795	0.283360385427328	0.553	0.281	1	Dl+N+	alpha-Spec
0.00649702795959031	0.362064440673121	0.263	0.091	1	Dl+N+	rumi
0.00662393472140718	0.364522174116827	0.368	0.157	1	Dl+N+	CG2310
0.00668533415421551	0.366720975018015	0.368	0.165	1	Dl+N+	Edc3
0.0067600865628522	0.416502014914692	0.605	0.372	1	Dl+N+	tws
0.0068124046116285	0.286204004744185	0.447	0.215	1	Dl+N+	CG4768
0.00689533892749128	0.250140542757209	0.553	0.273	1	Dl+N+	spi
0.00695841095135337	0.359720126901549	0.368	0.174	1	Dl+N+	cact
0.00736092596539566	0.344790349068928	0.447	0.215	1	Dl+N+	woc
0.00738211649097515	0.263173309092187	0.447	0.207	1	Dl+N+	Zif
0.00740377699822264	0.307007291157913	0.395	0.182	1	Dl+N+	MED31
0.00745273121436231	0.419524797182651	0.395	0.19	1	Dl+N+	Aef1
0.00748580278293347	0.335774043781786	0.395	0.198	1	Dl+N+	scny
0.00750567083589078	0.303571531450948	0.263	0.091	1	Dl+N+	CG7372
0.00766068967631694	0.275648003527909	0.263	0.091	1	Dl+N+	BubR1
0.00797448587705596	0.284678643837876	0.711	0.455	1	Dl+N+	Syx1A
0.0080018613737572	0.253130506069849	0.316	0.124	1	Dl+N+	barc
0.00831152195928573	0.358228875034457	0.632	0.388	1	Dl+N+	CaMKII
0.0083247781178541	0.253459415855128	0.553	0.289	1	Dl+N+	Bap55
0.00833709795040639	0.319612673429578	0.395	0.19	1	Dl+N+	vih
0.00854882346787425	0.341250996112113	0.605	0.339	1	Dl+N+	Aac11
0.00864156444992749	0.331898741518717	0.605	0.314	1	Dl+N+	dally
0.00871340710316332	0.275413836115101	0.763	0.446	1	Dl+N+	CG4747
0.00877125469905968	0.309454966141666	0.368	0.174	1	Dl+N+	Taf12
0.0087769395650163	0.35019436874267	0.421	0.198	1	Dl+N+	CLIP-190
0.00897843756394713	0.3469736509988	0.316	0.132	1	Dl+N+	18w
0.00926076643904785	0.361263509357748	0.737	0.603	1	Dl+N+	CG9705
0.00930944844746931	0.336778754242865	0.263	0.099	1	Dl+N+	fng
0.00934940104864733	0.5829059688205	0.526	0.331	1	Dl+N+	roX1
0.00937788947099608	0.350411803291641	0.447	0.256	1	Dl+N+	CG8929
0.00946244326090348	0.402718326482956	0.763	0.579	1	Dl+N+	E2f1
0.00952998635069279	0.321207029767095	0.974	0.868	1	Dl+N+	mts
0.00953706675084945	0.294859175453123	0.553	0.306	1	Dl+N+	Rrp1
0.00957985571843169	0.260304270689393	0.816	0.587	1	Dl+N+	jim
0.00982719951637153	0.260816793342861	0.368	0.174	1	Dl+N+	sxc
0.0099012001744453	0.400683390148769	0.816	0.612	1	Dl+N+	Ssdp
8.602755195812e-08	0.512235224340745	1	0.336	0.00133686815742918	Dl-N+	N
9.85955647677236e-05	0.318996584684546	0.326	0.08	1	Dl-N+	CG42359
0.00012880135906519	0.396225069279153	0.261	0.053	1	Dl-N+	CG6144
0.000199816775548154	0.533829957167695	0.478	0.195	1	Dl-N+	Pcmt
0.000264291018795648	0.430437947422302	0.304	0.08	1	Dl-N+	CG32512
0.000379965867167967	0.317748654532107	0.37	0.124	1	Dl-N+	Irp-1A
0.000484226665014238	0.330869804042264	0.261	0.062	1	Dl-N+	Tbp
0.000719993999081058	0.389847065018315	0.435	0.177	1	Dl-N+	CG16753
0.000976455992039009	0.283349560966975	0.891	0.673	1	Dl-N+	Syb
0.00109905077613411	0.376260328262077	0.5	0.248	1	Dl-N+	cup
0.00113655356468274	0.427804132828118	0.457	0.204	1	Dl-N+	gb
0.00171072413434689	0.387185192955179	0.326	0.124	1	Dl-N+	CG30269
0.00182903593905668	0.270867739775412	1	0.982	1	Dl-N+	CG3800
0.00187285451235512	0.307753800423028	0.435	0.186	1	Dl-N+	CG10395
0.00195654252310602	0.390629528691916	0.652	0.372	1	Dl-N+	Dph5
0.00198625203660901	0.350649439274775	0.37	0.142	1	Dl-N+	eater
0.00219803496286657	0.318093234797941	0.826	0.628	1	Dl-N+	Ntf-2
0.00220441335702055	0.25292378152228	0.283	0.088	1	Dl-N+	srp
0.00279275421097349	0.275601748457601	0.326	0.124	1	Dl-N+	mRpS11
0.00283586481602849	0.334231813035822	0.783	0.566	1	Dl-N+	Ahcy13
0.00291625861616715	0.287036967491162	0.587	0.319	1	Dl-N+	CG5355
0.00293631771194592	0.386044579407848	0.522	0.274	1	Dl-N+	Ilp6
0.00299944913020406	0.406530361190473	0.609	0.372	1	Dl-N+	CG17514
0.00302987857795386	0.314242490025007	0.261	0.088	1	Dl-N+	CG11596
0.00328058554452594	0.284250470988251	0.543	0.274	1	Dl-N+	Bap55
0.00335817754399484	0.309032966706491	0.761	0.513	1	Dl-N+	SmE
0.00346565612097877	0.34975707394172	0.587	0.354	1	Dl-N+	Pgk
0.00350848467241548	0.309220815898044	0.522	0.265	1	Dl-N+	CG5323
0.0038289064173845	0.296478326034347	0.37	0.159	1	Dl-N+	CG13185
0.00393231112424729	0.353356684726592	0.326	0.142	1	Dl-N+	Dbp45A
0.00402939357954947	0.407283671228233	0.478	0.292	1	Dl-N+	CG40042
0.00402972579074892	0.278946436110299	0.957	0.929	1	Dl-N+	ATPsyn-beta
0.00404257353574844	0.295240098186532	0.391	0.177	1	Dl-N+	CG9577
0.00408686058411105	0.278047049604395	0.522	0.274	1	Dl-N+	CG7845
0.0046605046075152	0.27103100582995	0.326	0.133	1	Dl-N+	RpII33
0.00554116710847757	0.251900568333519	0.413	0.186	1	Dl-N+	CG8549
0.0058023480532178	0.389865054609188	0.63	0.398	1	Dl-N+	CG15012
0.00601780715600982	0.372820898383922	0.348	0.159	1	Dl-N+	CG6686
0.00603917550245939	0.25908168263224	0.696	0.54	1	Dl-N+	Mdh2
0.00625188700255237	0.404413455329273	0.37	0.177	1	Dl-N+	CG34125
0.00672491026575316	0.265701886436428	0.739	0.522	1	Dl-N+	mbf1
0.00674926133035489	0.470826008058293	0.391	0.195	1	Dl-N+	Nup153
0.00694076594940439	0.376846296555676	0.391	0.204	1	Dl-N+	CG32280
0.00697848529967672	0.290061957286735	0.283	0.106	1	Dl-N+	CG7966
0.00713079241586946	0.370052348661638	0.413	0.221	1	Dl-N+	CG7655
0.00740369183830429	0.303041568050092	0.63	0.407	1	Dl-N+	Aats-thr
0.00753507151854692	0.343790258315826	0.543	0.327	1	Dl-N+	Aats-lys
0.00753855294168386	0.292418083598647	0.522	0.292	1	Dl-N+	CG30349
0.00766819515050594	0.315892560765261	0.413	0.212	1	Dl-N+	Cat
0.00772097318505162	0.2694815059836	0.37	0.186	1	Dl-N+	CG5757
0.00783417654235933	0.414668580398222	0.435	0.23	1	Dl-N+	mRpS22
0.0082404279772414	0.28289201907098	0.957	0.814	1	Dl-N+	CG17737
0.00827670707114081	0.299399026590399	0.696	0.442	1	Dl-N+	CG33303
0.00888529736793599	0.354866415692748	0.435	0.23	1	Dl-N+	Eip63E
0.0092100872196154	0.346194630584368	0.848	0.717	1	Dl-N+	CG6891
0.00945867058321967	0.394030745687585	0.457	0.23	1	Dl-N+	PGRP-SA
0.00992659232054488	0.29369283314554	0.913	0.708	1	Dl-N+	Su(var)205
3.3045335682144e-06	1.07570340507584	0.535	0.205	0.0513524516500518	Dl-N-	CG42566
4.23850189808585e-06	0.26017330944996	1	1	0.0658663194962541	Dl-N-	RpL38
4.54821058626562e-06	0.976878112265986	0.465	0.136	0.0706791925105677	Dl-N-	NimB3
1.76603158156367e-05	0.794231582724372	0.831	0.659	0.274441307774994	Dl-N-	Ance
1.80683055439301e-05	0.272221871334292	1	0.977	0.280781468152673	Dl-N-	RpL29
1.81880957456559e-05	0.698326279860548	0.479	0.182	0.282643007887493	Dl-N-	CG13631
2.0941274967171e-05	0.661988655018326	0.817	0.602	0.325427412989838	Dl-N-	CG5210
7.87587764471917e-05	1.03360403189168	0.282	0.057	1	Dl-N-	CecC
0.000218342195245811	0.338218832429449	0.986	0.989	1	Dl-N-	sesB
0.000293287331470638	0.700571126240254	0.606	0.273	1	Dl-N-	MtnA
0.000549251753797975	0.611629090443517	0.352	0.136	1	Dl-N-	CG43210
0.00055079311288711	0.536262180070953	0.746	0.682	1	Dl-N-	CG15098
0.000802569416024662	0.551624292896029	0.606	0.352	1	Dl-N-	LM408
0.000864532757907091	0.682097032758586	0.394	0.17	1	Dl-N-	Mal-A5
0.000889683541228951	0.566370828020654	0.479	0.239	1	Dl-N-	olf186-M
0.00102659643439937	1.09569986844829	0.394	0.193	1	Dl-N-	IM18
0.00118081595359497	0.568322900666547	0.282	0.091	1	Dl-N-	Mal-A6
0.0015521582024524	0.533529702069372	0.704	0.58	1	Dl-N-	Tep4
0.00179042049248301	0.475046123949185	0.592	0.352	1	Dl-N-	CG13117
0.00228321309564812	0.403435833269901	0.352	0.148	1	Dl-N-	CG10184
0.00240270063845892	0.686240554354922	0.366	0.182	1	Dl-N-	CG10433
0.00282114483328998	0.879841707712442	0.718	0.818	1	Dl-N-	CG42394
0.00315734626826746	0.614511589970421	0.62	0.557	1	Dl-N-	CG14715
0.00339388526654859	0.397912546548931	0.845	0.818	1	Dl-N-	Chd64
0.00408144348970902	0.577502831819272	0.606	0.477	1	Dl-N-	Aldh
0.00432889707023398	0.281159563912663	1	1	1	Dl-N-	mt:lrRNA
0.00485660273652013	0.612284190302669	0.338	0.182	1	Dl-N-	CG33307
0.00533838296461509	1.15303449822464	0.648	0.511	1	Dl-N-	Nplp2
0.00573430380337345	1.02725787055929	0.465	0.307	1	Dl-N-	CR43855
0.00575398311377869	0.562762942471385	0.577	0.511	1	Dl-N-	CG17896
0.00597946451453906	0.262199125904144	0.873	0.864	1	Dl-N-	levy
0.00753830046416618	0.410882830180464	0.38	0.216	1	Dl-N-	CG17278
0.00816574841773177	0.553313955297883	0.282	0.125	1	Dl-N-	CG9743
0.00888283163407366	0.497065122369665	0.296	0.148	1	Dl-N-	Jheh1
0.00994595070997966	0.515346789366841	0.394	0.261	1	Dl-N-	CG8993
