p_val	avg_logFC	pct.1	pct.2	p_val_adj	cluster	gene
9.48135395149884e-302	2.05647410234141	0.994	0.797	1.47340240406292e-297	0	Ance
5.30625090862536e-266	1.3429697635132	0.988	0.893	8.2459139120038e-262	0	Tep4
1.74763292130559e-230	1.06109559458926	0.992	0.943	2.71582155970888e-226	0	CG42566
1.91677296038486e-211	1.27253169689868	0.746	0.071	2.97866518043808e-207	0	CG13160
7.74178945828606e-183	1.71255913047889	0.828	0.231	1.20307408181765e-178	0	IM18
4.72320033733572e-161	0.802902372347166	0.996	0.971	7.33985332421971e-157	0	CR43855
1.29445537215936e-152	0.910246125750854	0.569	0.028	2.01158364833565e-148	0	CG13159
3.75723873003078e-126	0.865705202167846	0.642	0.147	5.83874898646784e-122	0	Swim
3.06660775633389e-116	0.837555887916727	0.752	0.351	4.76550845334287e-112	0	CAP
2.18249091285871e-107	0.818155764795982	0.744	0.315	3.39159087858243e-103	0	NK7.1
1.58136375494346e-97	1.18080653279982	0.847	0.534	2.45743927518213e-93	0	CecA2
3.27509029536987e-95	1.09948679002511	0.561	0.132	5.08949031900477e-91	0	CG33225
1.59443936767705e-93	0.548186115083346	0.354	0	2.47775877737014e-89	0	mthl13
1.19474409909245e-88	0.604282099888821	0.435	0.056	1.85663232998967e-84	0	Vago
7.39196020557308e-74	0.402140839492806	0.311	0.011	1.14871061594606e-69	0	CG12910
3.07899253214863e-73	0.636123178957538	0.549	0.191	4.78475439495897e-69	0	ITP
2.22124085483023e-66	0.732652971517608	0.509	0.165	3.45180828840618e-62	0	CG8317
7.5359159852389e-62	0.383889069256713	0.323	0.04	1.17108134410612e-57	0	Ance-2
2.68456058459776e-61	0.526407534212704	0.585	0.269	4.17180714846492e-57	0	CG30269
5.10992641099689e-59	0.586528101912388	0.793	0.598	7.94082564268917e-55	0	mthl6
2.80411622553383e-58	0.459636207752174	0.829	0.693	4.35759661447957e-54	0	Sam-S
3.91402107791982e-58	0.409717670207693	0.949	0.902	6.0823887550874e-54	0	Rm62
1.34535248953348e-57	0.440447200115067	0.911	0.807	2.09067776873502e-53	0	nop5
1.50181973695809e-57	0.407711218284917	0.277	0.022	2.33382787123287e-53	0	CR46035
6.23303953134535e-56	0.428973668294871	0.316	0.046	9.68614343171068e-52	0	Lip4
1.22917203726735e-55	0.392691456368991	0.937	0.856	1.91013334591347e-51	0	Nop60B
3.02163419276764e-52	0.702807662130497	0.324	0.061	4.69561953556092e-48	0	CG6023
5.71978789154645e-51	0.331587781146343	0.32	0.058	8.88855038346318e-47	0	QC
9.74040610366781e-50	0.431448520782874	0.868	0.729	1.51365910850998e-45	0	Nop56
3.53778662804719e-48	0.495872834649967	0.731	0.527	5.49772041998533e-44	0	et
6.7701542664306e-46	0.371973350082829	0.935	0.877	1.05208197300332e-41	0	FK506-bp1
1.57882337007562e-45	0.280942726758078	0.983	0.964	2.45349151709752e-41	0	lost
4.81090397042558e-45	0.420318218040914	0.402	0.136	7.47614477004136e-41	0	Tret1-1
4.62920093894878e-41	0.357206278370687	0.397	0.143	7.19377825912641e-37	0	ACC
2.17945427141284e-40	0.595105187858243	0.751	0.471	3.38687193777556e-36	0	CecA1
2.22793401533929e-38	0.275694069286389	0.961	0.934	3.46220945983726e-34	0	Nap1
4.34120940678262e-38	0.3622525836353	0.974	0.96	6.74623941814019e-34	0	CG45050
6.24941849971764e-38	0.349398382722138	0.867	0.793	9.71159634856121e-34	0	RpL24-like
1.68454698805694e-36	0.516624852733024	0.711	0.51	2.61778601944048e-32	0	CG44250
2.35976584501144e-35	0.350410489791434	0.903	0.83	3.66707612314778e-31	0	Gapdh2
4.00946330363541e-34	0.272220008784701	0.357	0.124	6.23070597384944e-30	0	CG43187
1.70985351411732e-33	0.424772191845533	0.656	0.437	2.65711236093831e-29	0	CG18812
3.93980211347508e-32	0.366434042421894	0.874	0.793	6.12245248434028e-28	0	CG5953
4.09889095581237e-32	0.370055104837778	0.715	0.534	6.36967654533242e-28	0	CG8545
1.5743742361165e-31	0.278306131021397	0.3	0.098	2.44657756292504e-27	0	elB
1.6960446240151e-31	0.302046338127139	0.881	0.805	2.63565334571947e-27	0	CG4038
1.86962560309517e-31	0.334059890436119	0.747	0.594	2.9053981872099e-27	0	Fib
2.0352232059086e-30	0.362994819340608	0.964	0.928	3.16273686198196e-26	0	CG2865
5.96201223213153e-30	0.40638270511609	0.602	0.409	9.26496700873241e-26	0	CG6299
5.95087283562405e-28	0.295023105169356	0.873	0.814	9.24765638655978e-24	0	Non1
1.08202490725637e-27	0.263002083476805	0.921	0.875	1.6814667058764e-23	0	CG7911
3.66372492226976e-27	0.29355143087448	0.33	0.136	5.69342852920721e-23	0	Fur1
5.328905406801e-27	0.352511279532626	0.789	0.662	8.28111900216875e-23	0	CG11486
2.15663570865377e-26	0.321699018075854	0.774	0.634	3.35141189124796e-22	0	NHP2
3.17315721017672e-26	0.33939534693446	0.828	0.723	4.93108630461463e-22	0	hoip
3.20192548953683e-26	0.264817277163117	0.9	0.857	4.97579221074023e-22	0	yps
4.87645223562143e-26	0.281604238273879	0.929	0.897	7.57800677415569e-22	0	rin
1.96287463127788e-25	0.307056012815863	0.79	0.686	3.05030717700583e-21	0	CG6767
1.75956842818712e-24	0.29463277205217	0.85	0.747	2.73436933740279e-20	0	trol
4.46468878623576e-24	0.328663677840175	0.776	0.655	6.93812637381038e-20	0	puc
8.95204888785092e-24	0.339497322649553	0.93	0.867	1.39114839717203e-19	0	dm
1.07527233460162e-23	0.377548659818034	0.27	0.104	1.67097320797092e-19	0	CG31174
1.45819718868465e-23	0.278455221460022	0.886	0.841	2.26603843121595e-19	0	mod
1.90730610001784e-23	0.272068958659989	0.781	0.681	2.96395367942772e-19	0	CG15019
2.27795063935528e-23	0.295609390369138	0.941	0.909	3.53993529355811e-19	0	chinmo
2.09867567692843e-22	0.356856280565812	0.605	0.442	3.26134200194678e-18	0	CR42868
3.47870237356889e-22	0.341319132897262	0.751	0.605	5.40590348852606e-18	0	Fim
3.59679990492849e-22	0.303176376641025	0.743	0.599	5.58942705225887e-18	0	CG9253
3.82403585531057e-22	0.279448168346936	0.853	0.778	5.94255171915262e-18	0	GstE6
7.42183824146891e-22	0.326080578682513	0.865	0.786	1.15335366272427e-17	0	hdc
7.10340073432849e-21	0.279858424615751	0.487	0.284	1.10386847411465e-16	0	PGRP-LB
2.16508811541418e-20	0.294097747186527	0.507	0.328	3.36454693135364e-16	0	CG15347
4.15657619348761e-20	0.29084101446914	0.432	0.26	6.45931940467974e-16	0	tara
4.91409218246727e-20	0.27990187708638	0.637	0.451	7.63649925155414e-16	0	hth
9.09512254460712e-20	0.444636412858781	0.702	0.528	1.41338204343195e-15	0	CecC
9.09970146733393e-20	0.358559725233828	0.586	0.429	1.41409360802369e-15	0	InR
1.92446766166611e-19	0.291981502574451	0.717	0.593	2.99062274622914e-15	0	E2f1
5.91344904410492e-19	0.699477803623809	0.288	0.13	9.18949981453905e-15	0	Dro
6.63392323774056e-19	0.316236804460381	0.477	0.315	1.03091167114488e-14	0	corto
7.29502057783657e-19	0.272665690662729	0.507	0.346	1.1336461977958e-14	0	stv
2.89139965313224e-18	0.260065188133528	0.852	0.779	4.4932350609675e-14	0	Prosap
1.5739087342642e-16	0.251009126562563	0.379	0.228	2.44585417304657e-12	0	CG13937
3.06712357433803e-16	0.347206443900323	0.642	0.521	4.7663100345213e-12	0	Eip75B
4.10977268613352e-16	0.256408184503975	0.736	0.629	6.38658675425148e-12	0	spoon
2.47654016143821e-15	0.267518778460726	0.576	0.448	3.84854341087498e-11	0	kraken
3.7414682419082e-15	0.254798393328747	0.675	0.565	5.81424164792535e-11	0	CG32425
3.8829490117937e-15	0.26879086118708	0.647	0.521	6.03410276432741e-11	0	cpo
8.50923060151559e-15	0.285523151140484	0.616	0.479	1.32233443547552e-10	0	CG43736
3.52730214205382e-14	0.257130088099176	0.571	0.428	5.48142752875164e-10	0	CG42666
6.83752532057894e-12	0.364958265619886	0.529	0.403	1.06255143481797e-07	0	CG3348
1.94997900553137e-10	0.25703479764706	0.389	0.274	3.03026737459574e-06	0	cv-c
1.10286162270898e-08	0.395978299642157	0.492	0.416	0.000171384696168976	0	Ets21C
0	2.21037363165414	0.951	0.174	0	1	BM-40-SPARC
2.40121533461389e-277	1.66612405355829	0.988	0.661	3.73148862998998e-273	1	Ppn
2.47322149315082e-269	1.53472815946686	0.988	0.636	3.84338620035638e-265	1	Hml
7.9399343009063e-259	1.57007269897618	0.816	0.063	1.23386579036084e-254	1	Pxn
2.87899670083855e-245	1.86895459154318	0.794	0.066	4.4739608731031e-241	1	Tep1
6.10616462006727e-206	1.60659152715373	0.692	0.047	9.48897981958454e-202	1	Glt
4.76256070230411e-191	1.04831035313006	0.941	0.623	7.40101933138059e-187	1	spz
3.48431347499629e-188	2.12610348985905	0.636	0.034	5.41462314014423e-184	1	Cg25C
4.06845584258527e-185	1.32883073727956	0.972	0.788	6.32238037937751e-181	1	regucalcin
1.2335216819979e-182	1.7434211929967	0.615	0.026	1.91689269382474e-178	1	vkg
4.36685652464649e-182	1.04348028058098	0.791	0.163	6.78609503930064e-178	1	kuz
4.3056031798692e-181	1.00206524261816	0.965	0.582	6.69090734151674e-177	1	CG7777
1.74349840679073e-177	1.05191626571786	0.911	0.544	2.70939652415279e-173	1	LanB1
1.74957536279555e-176	1.20963515221233	0.861	0.368	2.71884011378428e-172	1	CG34331
3.05949108095139e-169	0.921059339219904	0.723	0.149	4.75444913979847e-165	1	nAChRbeta3
3.1216802267484e-169	0.964444222440325	0.954	0.771	4.85109107236702e-165	1	CG31777
5.88136141359866e-166	1.27750029808875	0.851	0.36	9.13963563673232e-162	1	Cys
3.40940466363336e-165	1.6631637292877	0.628	0.065	5.29821484728624e-161	1	CG42807
1.01204166728701e-164	0.784044687958793	0.996	0.967	1.57271275096401e-160	1	Act42A
1.16184959871766e-164	0.996349244682171	0.882	0.46	1.80551427640724e-160	1	LanA
6.29308055193545e-163	0.952077490143471	0.932	0.653	9.77944717770768e-159	1	scf
1.88111105506441e-160	0.85326542171882	0.581	0.038	2.9232465795701e-156	1	CG9372
3.73336904349838e-157	0.804672567917268	0.548	0.019	5.80165549359648e-153	1	Tig
8.87261263098931e-154	0.863193250448159	0.713	0.168	1.37880400285574e-149	1	LanB2
3.24344809546729e-151	0.685231267840607	0.984	0.916	5.04031834035616e-147	1	ERp60
5.13460605292964e-149	1.09803828361484	0.782	0.245	7.97917780625267e-145	1	E(spl)mbeta-HLH
3.87090334989102e-148	1.02721016205672	0.771	0.293	6.01538380573064e-144	1	CG32138
1.71186054314706e-143	1.07867893538706	0.511	0.021	2.66023128405053e-139	1	CG43124
5.10842640564389e-139	0.964375290603135	0.713	0.219	7.93849463437061e-135	1	NtR
2.76414111957163e-136	0.60894876008841	0.982	0.951	4.29547529981432e-132	1	Pdi
2.58920644642492e-135	0.386187286354866	1	0.999	4.02362681774433e-131	1	CG8157
9.36183864092074e-134	0.892197468606007	0.468	0.007	1.45482972479908e-129	1	CG34054
5.84571460989144e-128	0.824385030298839	0.814	0.396	9.0842405037713e-124	1	NimB4
7.35616488212454e-124	0.330305613610627	1	0.998	1.14314802268215e-119	1	Nplp2
4.63482515693461e-122	0.794922818950217	0.799	0.317	7.20251829387638e-118	1	CG17760
4.13581574216617e-117	0.691548921902734	0.903	0.65	6.42705766332623e-113	1	CG30283
3.16365832419014e-116	0.692467590884071	0.962	0.849	4.91632503579147e-112	1	CG6084
3.3631343857267e-116	0.908986647913723	0.446	0.024	5.22631083541929e-112	1	CG43799
3.59124050942794e-115	0.754143026726909	0.449	0.029	5.58078775165102e-111	1	CG1092
4.07972652142945e-115	0.700647822961105	0.925	0.715	6.33989501430137e-111	1	Idgf3
2.50451818992469e-114	0.660641445615409	0.581	0.118	3.89202126714297e-110	1	Ndae1
4.70809822252869e-112	0.793753714706497	0.934	0.776	7.31638463780958e-108	1	Gp93
1.15574908222281e-110	0.76496040136414	0.752	0.334	1.79603407377424e-106	1	Idh
3.01153072582643e-110	0.715917636374676	0.853	0.555	4.67991874793428e-106	1	Gel
6.27794818744632e-110	0.65433346717653	0.98	0.958	9.75593148329158e-106	1	Crc
9.61407004153941e-108	0.694644647545672	0.716	0.299	1.49402648445522e-103	1	CG4398
2.30358392627837e-107	0.526176326267588	0.429	0.027	3.57976942143658e-103	1	CG14523
2.8976753376302e-104	1.00998711069805	0.526	0.105	4.50298747467734e-100	1	Sr-CI
6.89496612705477e-103	0.623847128261864	0.374	0.006	1.07147773614431e-98	1	CG43125
4.77270497661586e-101	0.637620798674574	0.38	0.011	7.41678353366104e-97	1	CG34437
2.41818033697576e-100	0.617185380612588	0.501	0.087	3.75785224366034e-96	1	CG30463
2.12227765908584e-98	0.730621153619784	0.83	0.517	3.29801948221939e-94	1	ct
3.31036354552705e-97	0.835925628346791	0.484	0.083	5.14430494974903e-93	1	Tsp42Ee
3.33936283974123e-96	0.623910542039177	0.644	0.221	5.18936985295787e-92	1	eater
3.48050168752044e-96	0.605981634399057	0.638	0.212	5.40869962240677e-92	1	CG5322
5.10394356880366e-95	0.639222712868062	0.396	0.03	7.93152830592089e-91	1	Ance-5
9.27940925014441e-94	0.702905273711536	0.865	0.646	1.44202019747244e-89	1	CG6310
1.92419055145659e-93	0.638096030540141	0.78	0.451	2.99019211696353e-89	1	Plod
1.48611165199151e-92	0.715488643868138	0.769	0.391	2.30941750719481e-88	1	GstD7
4.13730496985932e-92	0.389650016414304	0.997	0.99	6.42937192316139e-88	1	CG2852
5.26288376933163e-89	0.364111373546948	0.998	0.99	8.17852137754136e-85	1	Chd64
2.28361427612126e-88	0.588518496055804	0.871	0.669	3.54873658509245e-84	1	Fkbp14
1.24362549707222e-87	0.614876576517424	0.73	0.369	1.93259402245023e-83	1	CG33461
1.25371583321294e-87	0.629775596866169	0.8	0.472	1.9482744048129e-83	1	kst
1.61219113811888e-87	0.717362559028367	0.417	0.056	2.50534502863675e-83	1	lectin-24Db
1.18657849314347e-86	0.701610350227162	0.347	0.016	1.84394297834496e-82	1	lectin-24A
5.77885399499055e-83	0.572244771088103	0.772	0.434	8.98033910821531e-79	1	CG3505
2.05339898059704e-81	0.712295942564541	0.983	0.945	3.19098201584779e-77	1	Hsc70-3
7.31973867234508e-81	0.434187114158991	0.401	0.057	1.13748738968243e-76	1	CG30187
2.5967535552637e-78	0.662619294366071	0.525	0.158	4.03535502487979e-74	1	CG30090
1.65560210488756e-77	0.53822296735104	0.875	0.676	2.57280567099527e-73	1	NimB5
3.72961066222962e-75	0.436261382607517	0.314	0.018	5.79581496910483e-71	1	CG42711
1.0370410325715e-74	0.60868976829845	0.882	0.716	1.61156176461611e-70	1	Manf
1.78265455356009e-73	0.638263376012127	0.915	0.788	2.77024517623238e-69	1	kay
1.87404017020195e-73	0.595753799048798	0.884	0.744	2.91225842449384e-69	1	CaBP1
9.36453641295265e-73	0.462331917778557	0.472	0.128	1.45524895857284e-68	1	Cyp4e2
8.834178143288e-72	0.865200695037389	0.751	0.414	1.37283128346696e-67	1	CG2444
9.89423716997006e-71	0.585995586404191	0.726	0.435	1.53756445621335e-66	1	CG17337
1.62820793775548e-70	0.500462906710609	0.927	0.818	2.53023513527201e-66	1	NUCB1
1.86631547648423e-70	0.587261986717773	0.733	0.42	2.9002542504565e-66	1	cindr
3.41545478353621e-69	0.498412572673195	0.809	0.571	5.30761673361527e-65	1	CG9318
3.42767928033621e-69	0.598323917978728	0.458	0.118	5.32661360164248e-65	1	Idgf1
3.59234293745934e-69	0.572680326066358	0.581	0.218	5.58250092481182e-65	1	ced-6
1.70669885396026e-67	0.546574961822365	0.638	0.301	2.65221001905424e-63	1	mthl2
1.01844180500707e-66	0.406658618983217	0.976	0.935	1.58265856498098e-62	1	Trx-2
2.49796117558132e-66	0.444062292687755	0.929	0.837	3.88183166685338e-62	1	Karl
2.82786378352905e-66	0.527536892056509	0.651	0.318	4.39450031960415e-62	1	GstE2
3.68657069700158e-66	0.468167735347215	0.963	0.882	5.72893086314046e-62	1	CG1572
5.63213759888431e-66	0.821883920938601	0.697	0.359	8.75234182866622e-62	1	CG43236
5.96297062553119e-64	0.336745475285524	0.276	0.017	9.26645635207547e-60	1	CG14527
4.4906255491953e-63	0.375734261315212	0.335	0.049	6.97843210344949e-59	1	CG5958
8.11089755701614e-63	0.54006548295764	0.799	0.493	1.26043348036031e-58	1	cact
1.93139127534587e-62	0.38411605595918	0.999	0.992	3.00138204188749e-58	1	GstD1
3.08944655034605e-60	0.495430663458488	0.839	0.591	4.80099993923776e-56	1	Swip-1
1.00995663861359e-59	0.601425060213386	0.702	0.418	1.56947261640552e-55	1	sel
9.47796525088035e-59	0.442754239013674	0.973	0.939	1.47287579998681e-54	1	AnxB9
1.00344546964983e-57	0.512374705868088	0.674	0.37	1.55935425983583e-53	1	CG10863
1.40737794697792e-57	0.501908897464848	0.707	0.423	2.18706532960368e-53	1	GlcAT-P
1.96578756604977e-57	0.449706589033503	0.854	0.673	3.05483387764134e-53	1	Ost48
5.18423164134927e-57	0.466503512037182	0.793	0.571	8.05629597065676e-53	1	CG13585
2.26504940471795e-55	0.321374188401841	0.326	0.059	3.5198867749317e-51	1	Spn42Dc
3.07203193213439e-55	0.304642070470768	0.361	0.08	4.77393762253684e-51	1	pgant6
5.13711686694436e-55	0.496774285485413	0.732	0.5	7.98307961123153e-51	1	sgl
5.37514537110832e-55	0.473199447433496	0.827	0.598	8.35297590670233e-51	1	capt
1.11766161358547e-54	0.531589760631534	0.895	0.751	1.73684614751183e-50	1	Cp1
1.3368962942119e-54	0.41101145362945	0.465	0.162	2.0775368412053e-50	1	CG33459
3.37753487722411e-54	0.444332691380505	0.893	0.799	5.24868919920627e-50	1	twr
1.82278273760909e-53	0.435093306200524	0.83	0.619	2.83260437424453e-49	1	Npc2a
4.64197118472024e-53	0.356552162934644	0.312	0.057	7.21362322105525e-49	1	CG42846
4.9267312001775e-53	0.356330683098338	0.481	0.178	7.65614028507584e-49	1	CG15695
2.00708445936148e-52	0.444473671565897	0.846	0.66	3.11900924984773e-48	1	Gale
3.08420910166597e-51	0.386245300370206	0.388	0.108	4.79286094398892e-47	1	CG12290
3.93985616064892e-51	0.312657047537984	0.273	0.039	6.12253647364843e-47	1	CG14995
5.96682107925265e-51	0.446205356093062	0.777	0.565	9.27243995715861e-47	1	CG2493
7.74134175132901e-51	0.456171802188537	0.796	0.596	1.20300450815653e-46	1	Hexo2
1.41615851080941e-50	0.388929477329695	0.916	0.818	2.20071032579783e-46	1	Clc
1.5638422243633e-50	0.316394128437749	0.304	0.055	2.43021081666057e-46	1	Ect4
3.54656257628424e-49	0.530300112678954	0.776	0.585	5.51135824354571e-45	1	trio
7.92083268521679e-49	0.369646168675205	0.407	0.131	1.23089739928269e-44	1	nuf
2.04555669447679e-48	0.497005717311444	0.754	0.545	3.17879510321693e-44	1	CG2918
2.28507814134295e-48	0.252096360292239	0.998	0.993	3.55101143164695e-44	1	CG5210
6.34261289420238e-48	0.374172262866682	0.373	0.104	9.8564204375905e-44	1	pigs
1.13348085696881e-47	0.393442481503887	0.838	0.682	1.76142925172954e-43	1	Spase22-23
7.02776382921107e-46	0.294270267667513	0.328	0.082	1.0921144990594e-41	1	Sr-CIV
4.05970433481971e-45	0.26857856732803	0.259	0.041	6.30878053630983e-41	1	MP1
2.13698779440832e-44	0.339437773760864	0.301	0.067	3.32087903251053e-40	1	PGRP-SA
6.81081600942117e-44	0.450400825037	0.681	0.452	1.05840080786405e-39	1	Cnx99A
9.18720263735124e-44	0.395702643347009	0.651	0.402	1.42769128984438e-39	1	Jafrac2
4.72640070347981e-43	0.367986513296011	0.636	0.376	7.34482669320763e-39	1	CG6453
6.74678388587487e-43	0.294015942915326	0.317	0.08	1.04845021586496e-38	1	CG30344
1.73341009700553e-42	0.312841376120392	0.32	0.085	2.69371929074659e-38	1	Sema-2b
1.8162472892772e-42	0.360935966860688	0.623	0.335	2.82244828753677e-38	1	CG10960
5.69398301509945e-42	0.318813548970105	0.355	0.11	8.84844960546455e-38	1	CG14688
7.66534002485698e-42	0.374433740104914	0.896	0.799	1.19119383986277e-37	1	CG5885
8.8654163551173e-42	0.421566581032211	0.431	0.169	1.37768570158523e-37	1	CR42715
1.82617315548406e-41	0.375408097782071	0.843	0.703	2.83787308362223e-37	1	Spase25
9.15499675134009e-41	0.387669508659545	0.331	0.098	1.42268649515825e-36	1	CG33462
9.29467830720054e-41	0.334071692937603	0.932	0.871	1.44439300893896e-36	1	Sec61beta
1.13989813286973e-40	0.313019062890999	0.406	0.152	1.77140169847956e-36	1	PGRP-LD
1.55089447397662e-40	0.340649979421976	0.261	0.053	2.41009001255966e-36	1	path
1.88949001671518e-40	0.36953027597306	0.461	0.207	2.93626748597539e-36	1	CG9917
2.10255133244535e-40	0.413247100914735	0.628	0.375	3.26736477062007e-36	1	fog
7.60572650339727e-40	0.389367024632578	0.797	0.643	1.18192989862794e-35	1	eca
1.39770839755648e-39	0.347765136469214	0.928	0.862	2.17203884980278e-35	1	KdelR
2.55044205971237e-39	0.33933026999804	0.809	0.569	3.96338696079302e-35	1	LM408
2.82547610945253e-39	0.29133818491966	0.355	0.115	4.39078987408923e-35	1	C1GalTA
2.825545338208e-39	0.339174569231082	0.339	0.11	4.39089745557523e-35	1	Sema-1b
2.65365219832018e-38	0.58758138688729	0.67	0.474	4.12377551618956e-34	1	NijA
3.12910931976116e-38	0.31472606722616	0.936	0.869	4.86263588290884e-34	1	l(1)G0320
3.41344517099919e-38	0.318705557117149	0.887	0.783	5.30449379573275e-34	1	bai
1.29175176218767e-37	0.810093912032694	0.506	0.242	2.00738223843963e-33	1	CG5399
1.35252821465336e-37	0.374659841316184	0.639	0.367	2.10182884557132e-33	1	GstE1
1.46676074660462e-37	0.326448167659659	0.432	0.188	2.27934620022358e-33	1	CG4091
4.56978441574237e-37	0.366575750803513	0.772	0.597	7.10144498206364e-33	1	Arpc3B
4.94282380643022e-37	1.16860883511438	0.256	0.059	7.68114819519256e-33	1	CG16713
5.37051596556421e-36	0.292381601072586	0.942	0.902	8.34578181048678e-32	1	CG32276
6.39886511965665e-36	0.341571752459089	0.374	0.142	9.94383639594644e-32	1	ome
4.11126482644326e-35	0.441620329329514	0.802	0.632	6.38890554029282e-31	1	Men
4.11480715147261e-35	0.338068118117408	0.884	0.787	6.39441031338844e-31	1	CG8860
7.81355994149463e-35	0.381953298982024	0.623	0.417	1.21422721490827e-30	1	wge
9.57999738330354e-35	0.346505682630278	0.64	0.414	1.48873159336537e-30	1	Sply
1.01061204152044e-34	0.361010965857802	0.889	0.758	1.57049111252276e-30	1	CG3376
1.21196133252456e-34	0.510828304489835	0.449	0.209	1.88338791074317e-30	1	stg
1.48763192241726e-34	0.401581079954411	0.676	0.45	2.31178000743642e-30	1	CG42674
1.84675426269882e-34	0.333388770745	0.47	0.236	2.86985612423397e-30	1	prominin-like
3.32750987008027e-34	0.355792966060525	0.747	0.571	5.17095033810473e-30	1	Cyt-b5
6.27653351218716e-34	0.319674972617308	0.881	0.786	9.75373307793885e-30	1	CHOp24
7.29067142348759e-34	0.317712843548972	0.512	0.276	1.13297033920997e-29	1	CG11999
7.53910982199887e-34	0.374274657906997	0.736	0.565	1.17157766633862e-29	1	cathD
8.33681444845093e-34	0.322337019848793	0.599	0.367	1.29554096528927e-29	1	CG2991
9.06148998874568e-34	0.313528055351209	0.474	0.237	1.40815554425108e-29	1	rogdi
1.17961513392244e-33	0.362888123744652	0.595	0.373	1.83312191811548e-29	1	Rap2l
1.18580773569444e-33	0.331563082343407	0.537	0.302	1.84274522126917e-29	1	fdl
1.96628149942074e-33	0.299860691050445	0.337	0.123	3.05560145009983e-29	1	CG11686
2.81474757500428e-33	0.29782497208679	0.914	0.829	4.37411773155666e-29	1	Sar1
3.51717650886408e-33	0.372004554459627	0.632	0.416	5.46569229477478e-29	1	betaTub97EF
5.35676665107211e-33	0.330761172409967	0.808	0.667	8.32441537576606e-29	1	OstStt3
1.4481574219309e-32	0.357681155576435	0.751	0.604	2.25043663368061e-28	1	Ostgamma
1.86851783954492e-32	0.27977476309555	0.259	0.07	2.9036767226528e-28	1	sPLA2
3.14700220960344e-32	0.348215406863779	0.804	0.668	4.89044143372374e-28	1	CG33303
1.77500391376904e-31	0.290463121116461	0.936	0.883	2.75835608199708e-27	1	Tapdelta
2.02373744020319e-31	0.342680220501979	0.648	0.462	3.14488798207576e-27	1	CG14476
7.32482676976015e-31	0.345390270162199	0.816	0.686	1.13827808002073e-26	1	CG4259
8.68033629770593e-31	0.347727208076115	0.603	0.394	1.3489242606635e-26	1	BI-1
9.71399281649853e-31	0.270849635366714	0.313	0.107	1.50955448368387e-26	1	Cht2
2.20001914518731e-30	0.261154344124056	0.328	0.124	3.41882975162109e-26	1	CG8066
6.52206515844738e-30	0.27247305354894	0.902	0.831	1.01352892562272e-25	1	CG40127
1.00177604634262e-29	0.311128821782798	0.704	0.538	1.55675997601644e-25	1	26-29-p
1.40393455247629e-29	0.308457673909212	0.894	0.805	2.18171429454816e-25	1	Nrg
1.59216051907279e-29	0.301351323425471	0.854	0.695	2.47421744663911e-25	1	CG33465
1.65254052038487e-29	0.320850485351394	0.794	0.642	2.56804796867809e-25	1	l(2)k12914
2.58137471697216e-29	0.376327948662585	0.685	0.52	4.01145631017473e-25	1	CG11791
2.72142788534992e-29	0.330179074199919	0.685	0.48	4.22909893383377e-25	1	CG15611
2.76789439866483e-29	0.351054332333083	0.899	0.837	4.30130789552514e-25	1	CG31337
3.54463283518298e-29	0.344437707810487	0.674	0.499	5.50835942587435e-25	1	Gfat2
8.03303361034599e-29	0.430620207104684	0.299	0.109	1.24833342304777e-24	1	CG2065
3.70667662430865e-28	0.257161341885664	0.399	0.185	5.76017547417564e-24	1	ed
3.82615222346271e-28	0.523826955514909	0.511	0.297	5.94584055526105e-24	1	Thor
6.36692015416206e-28	0.317786919838867	0.679	0.485	9.89419391956784e-24	1	mmy
1.20415285246873e-27	0.270922727291399	0.406	0.201	1.87125353273641e-23	1	CG3558
1.3665627103021e-27	0.311084297549891	0.601	0.406	2.12363845180946e-23	1	p24-1
2.27883247003105e-27	0.259309324696466	0.467	0.247	3.54130565842824e-23	1	CG9302
3.15936851294889e-27	0.300338438629628	0.768	0.618	4.90965866912257e-23	1	Vha14-1
8.97232002631957e-27	0.333022682728772	0.799	0.673	1.39429853209006e-22	1	Pect
1.2792186685276e-26	0.290986278474962	0.618	0.43	1.98790581089189e-22	1	CalpB
4.91798783394629e-26	0.306515723597345	0.692	0.498	7.64255309395253e-22	1	cher
6.06429641358812e-26	0.329913745274879	0.595	0.404	9.42391662671594e-22	1	Der-1
6.2563477362888e-26	0.261942525626829	0.508	0.302	9.7223643821928e-22	1	RhoGAP92B
7.39089660294087e-26	0.326157315100259	0.804	0.673	1.14854533209701e-21	1	SsRbeta
1.87115733500284e-25	0.263190918273647	0.455	0.246	2.90777849859442e-21	1	mbc
3.76740704443096e-25	0.276642543665228	0.592	0.41	5.85455054704571e-21	1	Ugt58Fa
4.01167787925992e-25	0.255259034223503	0.945	0.908	6.23414742436991e-21	1	pum
1.77088436469659e-24	0.277574437932044	0.493	0.296	2.75195430273849e-20	1	Sec22
2.5608163248804e-24	0.278714563987989	0.824	0.724	3.97950856886414e-20	1	CG33129
3.50259393302541e-24	0.288154344831808	0.848	0.717	5.44303097192149e-20	1	Arf51F
3.82389329841251e-24	0.290149827654463	0.724	0.56	5.94233018573305e-20	1	epsilonCOP
3.84626422608324e-24	0.272612978170564	0.786	0.655	5.97709460733335e-20	1	Spase12
4.61170056251123e-24	0.286479987267519	0.694	0.523	7.16658267414245e-20	1	CG8507
5.44251216500911e-24	0.271530096258308	0.462	0.267	8.45766390442415e-20	1	svr
5.67632989981884e-24	0.374193642087661	0.603	0.406	8.82101666431847e-20	1	CG9932
7.11176408640105e-24	0.414521338097956	0.664	0.493	1.10516813902672e-19	1	Irk1
2.282000370737e-23	0.257048466627842	0.641	0.455	3.5462285761253e-19	1	Catsup
2.39093545378006e-23	0.268176551671486	0.489	0.3	3.71551369517421e-19	1	CG7484
3.5572137785301e-23	0.253885693551133	0.37	0.184	5.52791021183578e-19	1	luna
6.27890840871832e-23	0.273889518592864	0.777	0.653	9.75742366714827e-19	1	CG9669
7.46927368502174e-23	0.268082746544721	0.534	0.35	1.16072513065238e-18	1	CG3792
1.12680938200175e-22	0.283111342711503	0.531	0.354	1.75106177963072e-18	1	wol
1.21204140426091e-22	0.279609312843028	0.808	0.692	1.88351234222146e-18	1	Sod
2.16388148871608e-22	0.277768661966364	0.699	0.534	3.36267183346479e-18	1	OstDelta
2.52488248655738e-22	0.333968901244661	0.505	0.332	3.92366738411017e-18	1	Rip11
6.6896487595597e-22	0.278606016294584	0.549	0.374	1.03957141723558e-17	1	fal
7.65976357732843e-22	0.332123725788845	0.747	0.62	1.19032725991684e-17	1	emc
8.72719390886909e-22	0.271958270638557	0.466	0.28	1.35620593343826e-17	1	Pvr
1.24056847108249e-21	0.278122964391105	0.68	0.528	1.92784340406218e-17	1	CG11857
1.39914174882907e-21	0.25049246685476	0.46	0.276	2.17426627768038e-17	1	l(3)05822
2.47916714977163e-21	0.250657016250706	0.395	0.217	3.85262575074511e-17	1	P58IPK
3.59051652863948e-21	0.260447188756391	0.366	0.198	5.57966268550574e-17	1	CG1628
4.88786922036916e-21	0.256880506093066	0.471	0.289	7.59574876845368e-17	1	CG18659
6.46374834475864e-21	0.263955079613391	0.853	0.738	1.00446649277549e-16	1	cl
2.22929068964196e-20	0.283613572144204	0.67	0.521	3.4643177317036e-16	1	RhoGAP16F
2.59642914277359e-20	0.269628423353443	0.575	0.408	4.03485088787015e-16	1	CG8300
1.31535488728976e-19	0.277374843413455	0.813	0.695	2.04406149484829e-15	1	rost
3.24035551727595e-19	0.264004743163872	0.747	0.637	5.03551247384682e-15	1	CG33774
3.45176937740668e-19	0.269216568359108	0.604	0.442	5.36404961248999e-15	1	CG18747
2.72832005977638e-18	0.251662445276694	0.54	0.377	4.23980937289249e-14	1	Phm
3.74897497075756e-18	0.25120868282768	0.528	0.348	5.82590710455725e-14	1	mam
4.53943236284722e-18	0.253827785484778	0.722	0.593	7.05427789186459e-14	1	Past1
4.70233904598866e-18	0.358227938570241	0.522	0.368	7.30743487746638e-14	1	pnt
4.8404723285544e-18	0.256008412080835	0.501	0.34	7.52209399857353e-14	1	lap
1.51801207231665e-17	0.264724755972854	0.608	0.472	2.35899076038008e-13	1	CG9331
4.99160101216851e-17	0.261142787165955	0.585	0.438	7.75694797290987e-13	1	CG9171
6.97436436009231e-17	0.30985008069916	0.752	0.601	1.08381622155835e-12	1	CG13117
2.06361640884594e-16	0.277720085370638	0.673	0.534	3.20685989934659e-12	1	CG17574
6.5266069026862e-16	0.250713135428009	0.492	0.333	1.01423471267744e-11	1	CG6701
1.89855277014314e-15	0.256708934216326	0.671	0.543	2.95035100480244e-11	1	CG31075
2.61468305595155e-14	0.253540438343661	0.69	0.572	4.06321746894871e-10	1	CG9328
2.75760772952909e-14	0.319428726190173	0.857	0.812	4.2853224116882e-10	1	dpr17
2.86042220764386e-13	0.278764976085848	0.923	0.893	4.44509611067856e-09	1	Gadd45
1.75832647342915e-09	0.284305602524745	0.734	0.644	2.73243933970889e-05	1	Mmp1
