p_val	avg_logFC	pct.1	pct.2	p_val_adj	cluster	gene
0	5.04792859966571	1	0.025	0	11	CG15550
0	3.67107652391109	0.514	0.002	0	11	mthl7
0	2.86735769477471	0.886	0.001	0	11	tau
0	2.84120223505744	0.9	0.002	0	11	Antp
0	1.9702239613628	0.614	0.004	0	11	CG15549
0	1.93669632435088	0.729	0.018	0	11	CG15115
0	1.33489629793615	0.471	0.001	0	11	Toll-4
0	1.06670034425408	0.329	0.001	0	11	CG34353
0	0.796577417800991	0.286	0	0	11	Cpr5C
1.60877898692373e-305	2.31916953200739	0.814	0.028	2.50004254567947e-301	11	CG44325
2.63912440479629e-277	2.03428157774032	0.757	0.026	4.10119932505343e-273	11	CG30054
1.67335528014352e-256	2.22193937445249	0.543	0.013	2.60039410534303e-252	11	ImpL2
4.24442684701994e-255	2.2107045579772	0.771	0.03	6.59583932026899e-251	11	CG6287
1.06985879247149e-251	1.31461501808829	0.471	0.01	1.66256056350069e-247	11	sm
1.05304884269706e-238	0.973307627233961	0.286	0.003	1.63643790155123e-234	11	CG42342
4.19197640577879e-216	2.25779139108156	0.857	0.047	6.51433133458023e-212	11	kn
5.79982902769462e-197	2.61635543060871	1	0.076	9.01293430903744e-193	11	fax
1.2487643006005e-159	3.62971188295803	0.814	0.06	1.94057972313318e-155	11	CG6023
7.72996533390911e-154	0.970217703090401	0.286	0.006	1.20123661288948e-149	11	5-HT1B
1.76701571021537e-148	3.03207986918715	0.5	0.022	2.74594241367468e-144	11	CG9451
2.28920186000418e-100	1.24010924501207	0.386	0.019	3.5574196904465e-96	11	rdgA
1.97821574474781e-96	2.37872623689629	0.486	0.033	3.0741472673381e-92	11	Pepck
9.23721124771003e-87	0.997716535497626	0.386	0.022	1.43546262789414e-82	11	noc
2.24278732431233e-65	1.48725187546548	0.629	0.087	3.48529150198136e-61	11	elB
4.42117854696292e-63	2.22386910534837	0.786	0.146	6.87051146198038e-59	11	CG15784
1.67096494664923e-60	1.7384226721558	0.714	0.128	2.59667952709291e-56	11	Fur1
7.01791463995352e-42	1.98704826935445	0.9	0.398	1.09058393504878e-37	11	CG12163
6.32038263469793e-39	1.8226404613452	0.871	0.362	9.82187461432058e-35	11	ced-6
3.34027713241513e-36	1.7876651920047	0.929	0.698	5.19079066377312e-32	11	Gel
2.86642072988182e-34	1.57574069656459	0.957	0.817	4.45441781423635e-30	11	CG2865
9.12526566222052e-34	1.65599986198962	0.871	0.463	1.41806628390907e-29	11	CrebA
3.43846813725092e-33	1.32831955833152	0.514	0.108	5.34337948528793e-29	11	chrb
1.80037850962205e-32	1.28878288941419	0.986	0.916	2.79778820395267e-28	11	CR40469
7.80826162455953e-28	1.01579579442007	0.329	0.049	1.21340385645655e-23	11	CR44430
1.06055121830394e-27	1.49242362557015	0.8	0.393	1.64809659324432e-23	11	ham
1.81419333654069e-27	1.17306588029507	0.957	0.935	2.81925644498423e-23	11	CR34335
4.39363331049382e-24	1.18729346002171	0.986	0.849	6.8277061645074e-20	11	CR43855
2.10521350499626e-23	1.0940095894222	0.929	0.831	3.27150178676419e-19	11	AnxB11
6.83908541001655e-23	1.22190668506158	0.857	0.629	1.06279387271657e-18	11	CG13631
1.15493352252369e-21	0.697067463121258	0.971	0.946	1.79476669400181e-17	11	His4r
1.56777947592859e-21	0.970471859643457	0.929	0.906	2.43632930559303e-17	11	Oda
5.50418834919093e-21	0.877543409022563	0.857	0.373	8.5535086946427e-17	11	IM18
2.24052104316524e-20	0.96561154122147	0.9	0.739	3.48176970107878e-16	11	Gapdh2
3.6201662005557e-20	0.894675663908493	0.343	0.072	5.62573827566356e-16	11	Lip4
1.82000467844716e-19	0.999050204929743	0.514	0.168	2.82828727030689e-15	11	dally
3.9647017423902e-19	1.18631999377604	0.429	0.12	6.16114650767436e-15	11	Swim
1.25747018375935e-17	1.71557887914112	0.629	0.324	1.95410866556203e-13	11	h
1.10459712851681e-16	1.0662242206953	0.586	0.262	1.71654393771513e-12	11	CG18815
2.38386710730828e-16	0.841544176366456	0.971	0.891	3.70452948475706e-12	11	Xrp1
3.69134179126995e-16	1.21711109394454	0.671	0.38	5.7363451436335e-12	11	brat
4.0884701661921e-16	1.01819966511009	0.6	0.278	6.35348263826253e-12	11	trol
6.30845937765949e-15	0.630646421367042	1	0.794	9.80334587288285e-11	11	Ance
1.26674296730897e-14	1.0447122069788	0.471	0.18	1.96851857119813e-10	11	CG5196
1.44185402816599e-14	0.259964038965288	1	0.999	2.24064115976995e-10	11	RpS15Aa
4.78171525048954e-13	0.965781726270884	0.5	0.215	7.43078549926074e-09	11	CG5059
4.86495933309599e-13	1.09369084451962	0.5	0.216	7.56014680363118e-09	11	ITP
5.80042774262995e-13	1.11866985939197	0.729	0.522	9.01386471204694e-09	11	CG6770
1.11151380605946e-12	1.06421597151849	0.514	0.235	1.7272924546164e-08	11	CG43739
3.77765786790768e-12	0.440158587156541	1	0.986	5.87048032672854e-08	11	Df31
4.48775173583622e-12	0.877427781993929	0.914	0.838	6.97396619748949e-08	11	CG8620
9.92401758797659e-12	0.767255516644272	0.271	0.072	1.54219233317156e-07	11	Ance-2
1.11286007441546e-11	0.969732383427342	0.414	0.166	1.72938455564163e-07	11	aPKC
6.34299879122244e-11	0.817345693141474	0.714	0.541	9.85702012155966e-07	11	CG9836
1.29379428820577e-10	0.701379302320861	0.957	0.918	2.01055632387176e-06	11	Hsc70-3
1.42485514034078e-10	1.02782230268706	0.843	0.878	2.21422488808958e-06	11	Gadd45
2.67966165066885e-10	0.97662902697925	0.6	0.386	4.16419420513939e-06	11	Ssdp
3.76731393852162e-10	1.09232439794645	0.6	0.374	5.85440586046259e-06	11	Hsp27
4.1483863549261e-10	0.783720132350219	0.271	0.081	6.44659239555516e-06	11	Dg
8.02597390372855e-10	0.944804604081063	0.814	0.81	1.24723634463942e-05	11	Hsromega
1.40064512190109e-09	0.320522682414981	1	0.988	2.17660251943429e-05	11	alphaTub84B
6.4941785601839e-09	0.984822152005705	0.371	0.161	0.000100919534825258	11	ftz-f1
1.32829671353752e-08	0.949153759538093	0.629	0.475	0.000206417309283731	11	CG5953
1.93039461984615e-08	0.818605290526414	0.743	0.624	0.000299983323924091	11	LamC
2.11890391585528e-08	0.838942725796356	0.643	0.484	0.000329277668523911	11	Su(Tpl)
2.52676218680136e-08	0.643355503613502	0.8	0.775	0.000392658843828931	11	Unr
6.56363810512983e-08	0.948947358224177	0.629	0.512	0.00101998936153718	11	CG11486
7.50145504215407e-08	0.851035804584192	0.357	0.165	0.00116572611355074	11	pdgy
7.6054393777538e-08	0.763465139903186	0.557	0.367	0.00118188527930294	11	CAP
1.16923036018446e-07	0.744215629764647	0.414	0.213	0.00181698397972665	11	hipk
1.33838945812684e-07	0.642563039406905	0.757	0.758	0.00207985721792911	11	Ald
1.66109976440997e-07	0.93029277055272	0.5	0.312	0.00258134903389309	11	CG9171
2.3038518556105e-07	0.385457992898446	0.971	0.959	0.00358018578361871	11	CycG
2.90736788829312e-07	0.626032364471787	0.8	0.849	0.00451804969840751	11	Imp
3.01201790894989e-07	0.709252684255949	0.743	0.657	0.00468067583050813	11	CG32138
3.43143183750004e-07	0.993746196986414	0.514	0.331	0.00533244507547506	11	scyl
4.36981968754689e-07	1.02473727388938	0.486	0.31	0.00679069979444786	11	Hex-A
4.93775430655238e-07	0.365036880378187	1	0.995	0.00767327019238239	11	CG9821
9.01384358933973e-07	0.6880825900671	0.257	0.099	0.0140075129378339	11	Dys
1.5208205735213e-06	0.894969464909524	0.443	0.27	0.0236335517125211	11	jim
2.68659415637507e-06	0.763114410170101	0.286	0.125	0.0417496731900687	11	Mrtf
3.60920167193831e-06	0.759086810928341	0.643	0.564	0.0560869939819214	11	ct
8.05551767036134e-06	0.799509140664107	0.571	0.499	0.125182744597415	11	capu
1.33690999023114e-05	0.301959093304219	1	1	0.207755812481919	11	pAbp
1.83971464986716e-05	0.716409994954354	0.414	0.265	0.285891656589357	11	fru
2.23606168431895e-05	0.71608187283117	0.471	0.342	0.347483985743164	11	CG11138
2.80887407983612e-05	0.635836583260277	0.671	0.627	0.436499032006533	11	fs(1)h
3.71825072752748e-05	0.663401959973467	0.3	0.152	0.57781616305777	11	cpo
4.4917286364788e-05	0.684909840944412	0.471	0.349	0.698014630108805	11	sbb
6.85620840973444e-05	0.685300087018042	0.314	0.172	1	11	Ih
7.83012426635843e-05	0.550782919477576	0.8	0.837	1	11	CG45050
0.000116396099207162	0.70286128849121	0.343	0.205	1	11	jdp
0.000184942813928445	0.546165476154064	0.6	0.586	1	11	GstE12
0.000187673198848563	0.77501216881738	0.357	0.221	1	11	CG30148
0.000188436780770953	0.43520104405348	0.729	0.712	1	11	spen
0.000228946985905804	0.800913122992863	0.457	0.366	1	11	CG17508
0.000268539640402744	0.439252840719699	0.271	0.139	1	11	Gug
0.000283289363317405	0.467735256098432	0.686	0.705	1	11	Ubi-p5E
0.000332689278314416	0.684697438400144	0.657	0.628	1	11	Nrt
0.000350109432554644	0.736117884822804	0.6	0.56	1	11	CG32103
0.000393035835776005	0.541535497672981	0.3	0.176	1	11	Nup93-1
0.000421412993288235	0.583920396828892	0.614	0.616	1	11	Dip-B
0.000467420697189323	0.633345243954557	0.471	0.371	1	11	CG43736
0.000469806123985237	0.582639241994013	0.314	0.19	1	11	CG5535
0.000474786637031931	0.743055878820049	0.357	0.237	1	11	mspo
0.000503290447747648	0.733324536457279	0.429	0.326	1	11	ttk
0.000620799192751726	0.83353671278061	0.414	0.29	1	11	CR45018
0.000647851284118552	0.467490491716209	0.786	0.811	1	11	Pdcd4
0.000755272545133532	0.560253480710849	0.7	0.725	1	11	olf186-M
0.000969298212917794	0.743033844447141	0.614	0.646	1	11	pirk
0.000985390370362819	0.64052471878168	0.314	0.2	1	11	mew
0.00134706536718196	0.699590544062477	0.614	0.621	1	11	Bsg
0.00139739734800885	0.700147993982835	0.4	0.317	1	11	BEAF-32
0.00141706361256582	0.543235110096016	0.743	0.791	1	11	CR42862
0.00150916530340063	0.378903970735801	0.729	0.785	1	11	NUCB1
0.0016150212818859	0.586264409254194	0.386	0.301	1	11	kraken
0.00164505326729268	0.735980607540766	0.4	0.309	1	11	Crtc
0.0016997371580269	0.375312542821615	0.686	0.696	1	11	PRL-1
0.0017182480749829	0.593672655100771	0.329	0.225	1	11	ZnT41F
0.00172029719369823	0.418399805592069	0.657	0.701	1	11	Akap200
0.00207765262310584	0.655512857838011	0.343	0.241	1	11	Flo2
0.00215883076948445	0.638452480058121	0.529	0.492	1	11	CG9328
0.00291370457466637	0.656171294287519	0.257	0.16	1	11	CG13004
0.00292334872928206	0.501313938278408	0.286	0.177	1	11	slgA
0.00292528687419581	0.494646398188447	0.543	0.527	1	11	Aps
0.00303546784652337	0.304800988236713	0.729	0.763	1	11	sty
0.00316271636060944	0.654456028005496	0.671	0.73	1	11	hdc
0.00339484893831411	0.472577915940273	0.343	0.228	1	11	RnrS
0.00380145236866734	0.424547117972432	0.329	0.228	1	11	l(2)k09913
0.00502396800479309	0.587810541901836	0.514	0.512	1	11	Eip75B
0.00596837105423611	0.789252409232528	0.457	0.429	1	11	MESK2
0.00621934772967394	0.608454299673563	0.514	0.498	1	11	Mdh1
0.00661742803388406	0.757401850670919	0.443	0.423	1	11	CG13868
0.00684482340133954	0.463649590063123	0.3	0.199	1	11	tna
0.00715883392058842	0.421563419724243	0.586	0.606	1	11	His3.3B
0.00725472203702978	0.32575803851888	0.886	0.924	1	11	HmgZ
0.0077094184844358	0.322625308877246	0.7	0.768	1	11	Mapmodulin
0.0077399116197943	0.574561888916972	0.429	0.373	1	11	dnc
0.00802005186665322	0.543808319311968	0.457	0.417	1	11	drongo
0.0083201948077026	0.748127722654446	0.329	0.244	1	11	CG13624
0.00900933669252257	0.467410993183345	0.571	0.591	1	11	Pabp2
0	1.7256948464944	0.283	0.001	0	10	CG43164
0	1.20140358328488	0.304	0.001	0	10	Hand
0	1.031401419201	0.272	0.002	0	10	ogre
0	0.964476202212884	0.326	0.001	0	10	Mal-A5
0	0.726479695092036	0.293	0.002	0	10	CG33307
0	0.636291071708503	0.272	0.001	0	10	CG4096
4.16108708995879e-301	0.767646974464791	0.391	0.006	6.46632933779596e-297	10	SP1173
2.47658021028757e-299	0.916424291447054	0.359	0.005	3.84860564678688e-295	10	egr
5.52673757280428e-290	0.782170752034787	0.272	0.002	8.58855018813785e-286	10	babos
2.24460291129201e-274	0.788397722496976	0.359	0.006	3.48811292414778e-270	10	Ten-a
1.3148917421477e-253	1.05936061871215	0.326	0.005	2.04334176729753e-249	10	loh
6.94849490920796e-211	2.9937110937464	0.435	0.013	1.07979610889092e-206	10	ImpL2
1.44720677238147e-208	1.07254103294674	0.391	0.01	2.24895932428081e-204	10	miple2
1.25118921897671e-181	1.2817730693732	0.348	0.01	1.94434804628981e-177	10	NimB3
1.33952133900829e-174	1.38043261641492	0.522	0.025	2.08161616081888e-170	10	E(spl)m3-HLH
2.44352183544454e-150	1.30243744407271	0.272	0.007	3.79723293228081e-146	10	E(spl)m2-BFM
6.17466160237122e-147	1.08860618874554	0.511	0.029	9.59542413008488e-143	10	CG44325
6.15170676564845e-101	1.26254318748549	0.576	0.057	9.55975231381769e-97	10	Gp150
2.24118228499664e-93	1.19408170793346	0.293	0.015	3.48279727088477e-89	10	Inx2
2.56185251896296e-78	0.83151531504342	0.402	0.034	3.98111881446844e-74	10	CG13917
4.24131169104689e-73	0.947676488636187	0.38	0.033	6.59099836788687e-69	10	Sdc
4.80786548684214e-71	0.753035775618529	0.337	0.026	7.47142296655269e-67	10	dlp
5.74118897644273e-62	0.688335476876503	0.337	0.03	8.92180766939201e-58	10	sn
9.11291712937902e-59	1.34816646710967	0.522	0.078	1.4161473219055e-54	10	Hsp23
7.23210539979424e-52	2.01700916784354	0.489	0.078	1.12386917912802e-47	10	fax
1.99335821755878e-43	1.21558305064252	0.413	0.065	3.09767867008634e-39	10	Ppa
2.06941206188788e-38	0.419902155097156	0.293	0.036	3.21586634417376e-34	10	CG32280
3.09610515181063e-29	0.550419404688596	0.283	0.043	4.81134740591371e-25	10	mthl3
1.75415347890455e-26	0.487662775206097	0.261	0.04	2.72595450621768e-22	10	jigr1
1.99171748702289e-26	1.16277581143355	0.989	0.934	3.09512897483357e-22	10	CR34335
1.21758947251107e-25	0.621970390605219	0.326	0.063	1.89213404028221e-21	10	CG12910
8.29647420227558e-25	0.750056985788126	0.446	0.117	1.28927209103363e-20	10	CG15083
1.46577880400165e-24	1.25438743666103	0.652	0.254	2.27782026141856e-20	10	stg
3.97254040091862e-24	1.06534867158857	0.989	0.915	6.17332778302754e-20	10	CR40469
1.98104888123481e-23	0.787216485941309	0.576	0.196	3.0785499614389e-19	10	tna
3.1878417852695e-23	1.10801941507469	0.272	0.051	4.9539061343088e-19	10	Fas3
2.7225440074482e-21	0.605904007789063	0.272	0.053	4.2308333875745e-17	10	Tollo
1.55970483461691e-20	0.423832067665704	0.359	0.086	2.42378131299468e-16	10	Mkp3
1.42656120611304e-18	0.850535850579678	0.261	0.056	2.21687611429966e-14	10	CG34417
4.89902146166696e-18	0.96724330899422	0.652	0.33	7.61307935143045e-14	10	scyl
1.59093725872356e-17	0.746270288400344	0.424	0.141	2.47231650005641e-13	10	CG9135
2.41167948505036e-17	0.768274214519319	0.457	0.157	3.74774991976826e-13	10	stai
5.39443303644091e-17	0.429023259951163	0.315	0.08	8.38294893862918e-13	10	Dg
6.03805788607593e-16	0.450358170776097	0.326	0.09	9.38314195496199e-12	10	spi
2.28859896433307e-15	0.760492140494993	0.837	0.7	3.55648279057359e-11	10	Akap200
4.56123906564748e-15	0.756088214830821	0.5	0.215	7.08816550801618e-11	10	ITP
6.44755634224772e-15	0.441748680041712	0.978	0.968	1.0019502555853e-10	10	smt3
3.85126359757536e-14	0.570926516001615	0.348	0.109	5.9848636306321e-10	10	chrb
2.76132957636029e-13	0.281631436493786	1	0.999	4.29110616166389e-09	10	awd
3.18807411595101e-13	0.905640753776988	0.543	0.297	4.95426717618786e-09	10	MtnA
4.40715415356617e-13	0.642661718735268	0.957	0.986	6.84871755464183e-09	10	Df31
5.13131113612715e-13	0.85732389666884	0.533	0.269	7.97405750554158e-09	10	jim
5.96929133813829e-13	0.648608318151404	0.924	0.803	9.27627873946691e-09	10	Hsp83
7.9265996535775e-13	0.793249669555886	0.772	0.656	1.23179358616594e-08	10	hoip
1.1810885952769e-12	0.779547280900804	0.685	0.469	1.8354116770603e-08	10	Tina-1
7.87454679990762e-12	0.96675864194505	0.63	0.373	1.22370457270564e-07	10	Hsp27
2.39578657678198e-11	0.40040670373747	0.935	0.91	3.7230523403192e-07	10	Nlp
3.63647077309318e-11	0.930906975850943	0.304	0.105	5.65107558138681e-07	10	CG8317
5.04532767005621e-11	0.344167914464387	0.283	0.089	7.84043919926735e-07	10	elB
5.73024599325331e-11	0.529435310048982	0.304	0.105	8.90480227351564e-07	10	Cbs
6.39907552510694e-11	0.414180467809343	0.978	0.996	9.94416336601619e-07	10	CG3800
1.20031712997791e-10	0.656526380497666	0.761	0.615	1.86529281998567e-06	10	Nop56
1.53527012751219e-10	0.43523530596639	0.935	0.863	2.38580977815395e-06	10	His2Av
1.71392436016623e-10	0.38298066507112	0.293	0.098	2.66343845569832e-06	10	Dys
2.15589762353425e-10	0.535051572990871	0.783	0.497	3.35026490697222e-06	10	Tsp42Ee
3.85841078051389e-10	0.391797158006542	0.261	0.085	5.99597035291858e-06	10	feo
4.78409444952318e-10	0.507836251969694	0.804	0.671	7.43448277455902e-06	10	RpL24-like
5.68261022566164e-10	0.57138288775154	0.446	0.218	8.83077629067818e-06	10	CG14207
6.02232096445803e-10	0.624140686252065	0.293	0.108	9.35868677876777e-06	10	CG10433
8.78691504724757e-10	0.386040060028924	0.902	0.904	1.36548659834227e-05	10	FK506-bp2
8.80657043214263e-10	1.23820351988932	0.457	0.246	1.36854104515496e-05	10	heph
1.24488364366183e-09	0.386592947659683	0.989	0.981	1.93454918225049e-05	10	14-3-3epsilon
1.81802995146311e-09	0.458437801000846	0.913	0.947	2.82521854457367e-05	10	HmgD
2.07112790436241e-09	0.64991253546655	0.75	0.703	3.21853276337919e-05	10	His3.3A
3.00663104592104e-09	0.647185796103342	0.37	0.169	4.67230464536129e-05	10	dally
3.52585601042726e-09	0.526374997030379	0.793	0.743	5.47918024020397e-05	10	mod
4.19508130442189e-09	0.517615347604552	0.348	0.146	6.51915634707161e-05	10	Ilp6
7.10829837216681e-09	0.668445734847456	0.446	0.233	0.000110462956703472	10	hts
1.08244075634153e-08	0.667794642526478	0.587	0.372	0.000168211293535473	10	Dsp1
1.23294437425361e-08	0.712979910422723	0.543	0.348	0.000191599555759012	10	sbb
1.26639782852144e-08	0.504625258105494	0.283	0.108	0.000196798222552231	10	CG12262
1.29522108479277e-08	0.603009527477124	0.739	0.59	0.000201277356576796	10	Pabp2
2.64798999359187e-08	0.500206779289438	0.674	0.486	0.000411497645004177	10	Pen
6.43779817366941e-08	0.381132957499483	0.326	0.141	0.00100043383618823	10	tou
8.65692045909208e-08	0.425086555146588	0.272	0.106	0.00134528543934291	10	Slbp
1.31519130145422e-07	0.569595425406774	0.359	0.175	0.00204380728245986	10	Nup93-1
1.47376723464658e-07	0.805195236104702	0.457	0.265	0.00229023428264078	10	fru
2.23550525272856e-07	0.418471647181414	0.304	0.132	0.00347397516274018	10	CG10803
2.27290897402091e-07	0.334849627948208	0.87	0.873	0.00353210054562849	10	Jafrac1
3.60555384793305e-07	0.471712518151495	0.5	0.309	0.00560303067968795	10	U2af50
3.96288718414961e-07	0.597809936820189	0.707	0.522	0.00615832668416849	10	CG6770
5.66570767494182e-07	0.436021263846913	0.435	0.247	0.00880450972685959	10	CG11563
6.13236133558768e-07	0.562409212806525	0.5	0.309	0.00952968951550325	10	Hex-A
6.91366489921909e-07	0.59633713997473	0.717	0.611	0.0107438352533865	10	Tm1
7.50533197235412e-07	0.663531159446712	0.283	0.126	0.0116632858850383	10	28SrRNA-Psi:CR45859
9.49549977470066e-07	0.355321007732122	0.424	0.231	0.0147560066498848	10	CG11699
1.08741987334848e-06	0.552837913246618	0.696	0.575	0.0168985048318353	10	Fer1HCH
1.13475606153131e-06	0.351216830383823	0.348	0.168	0.0176341091961965	10	CG1542
1.51460400218713e-06	0.536235956939565	0.457	0.271	0.0235369461939879	10	A2bp1
2.03988577426689e-06	0.367653649677134	0.272	0.117	0.0316998249321074	10	CG15561
2.22263132871019e-06	0.64449218545522	0.576	0.423	0.0345396908481563	10	Amun
2.88811097115877e-06	0.370160805426725	0.272	0.122	0.0448812444918072	10	Acf1
3.43180825383645e-06	1.04355217750736	0.304	0.149	0.0533303002646184	10	CG15784
4.14393084685935e-06	0.419712310729194	0.707	0.592	0.0643966853601943	10	NHP2
4.3628604419454e-06	0.386812712945252	0.804	0.841	0.0677988512678315	10	vig2
4.44055590103966e-06	0.331311640558691	0.326	0.159	0.0690062387021563	10	CG10555
4.97583302857456e-06	0.539886302046112	0.62	0.532	0.0773244452640487	10	CG6767
5.03728095039963e-06	0.40780781154966	0.739	0.714	0.0782793459692103	10	Nop60B
6.98094562009471e-06	0.45142833755618	0.641	0.529	0.108483894936272	10	SmB
7.35663955519994e-06	0.381637912105178	0.761	0.712	0.114322178687807	10	CG2862
7.49533552612155e-06	0.375907791182285	0.826	0.824	0.116477514075929	10	CG7911
7.86955350710675e-06	0.624675854781888	0.467	0.315	0.122292861500439	10	gro
8.29201652891455e-06	0.264579456341634	0.272	0.124	0.128857936859332	10	Rlb1
8.89808165082465e-06	0.357144823072482	0.826	0.762	0.138276188853815	10	CG10576
9.04494066111135e-06	0.401260631491184	0.859	0.85	0.14055837787367	10	ctp
1.09379646200697e-05	0.299027493040714	0.804	0.863	0.169975970195882	10	Nap1
1.09616798114701e-05	0.479269726186494	0.424	0.26	0.170344504270246	10	CG11076
1.26510148706757e-05	0.296610288204216	0.315	0.16	0.1965967710903	10	Cks30A
1.27973495429044e-05	0.375475167186526	0.837	0.856	0.198870811896735	10	Rbp2
1.3685181831407e-05	0.451899029772235	0.739	0.688	0.212667725660064	10	Pep
1.7069244362207e-05	0.483458269519944	0.272	0.132	0.265256057388697	10	CG3008
1.76215318273379e-05	0.383916555503522	0.293	0.139	0.273838604596831	10	EcR
1.7655683959703e-05	0.321507534947027	0.348	0.186	0.274369328733785	10	ppan
1.81774175459322e-05	0.413245914004926	0.957	0.946	0.282477068663787	10	His4r
1.86535221541566e-05	0.269078406128558	0.261	0.121	0.289875734275593	10	CG11837
2.34951057570402e-05	0.490603767140806	0.457	0.314	0.365113943464405	10	CR42491
2.49945941999219e-05	0.352332614313461	0.837	0.839	0.388415993866787	10	CG11267
2.60039674994494e-05	0.390124714927514	0.761	0.767	0.404101654941443	10	Mapmodulin
2.72105568707675e-05	0.308206118086788	0.283	0.137	0.422852053771726	10	mod(mdg4)
2.75225340169885e-05	0.353913814513946	0.761	0.744	0.427700178624001	10	Su(var)205
3.02006546841386e-05	0.443147382688365	0.391	0.243	0.469318173791513	10	Iswi
3.38265044528538e-05	0.462980653223067	0.489	0.351	0.525663879197348	10	CG33713
3.41721710697981e-05	0.37457286001718	0.728	0.716	0.531035538424662	10	SmG
3.4641870532569e-05	0.261224604536807	0.815	0.722	0.538334668076122	10	SF2
3.54181018623299e-05	0.485606874297341	0.304	0.161	0.550397302940607	10	DCP2
3.93987274068524e-05	0.405748662896597	0.446	0.303	0.612256223902487	10	Dph5
4.75634465729099e-05	0.322495060509793	0.326	0.177	0.73913595974302	10	CG1785
4.81567748464311e-05	0.351427690042797	0.348	0.197	0.74835628111354	10	mRpL52
5.14695667229355e-05	0.377140433303834	0.511	0.355	0.799837066874418	10	me31B
5.32505806761491e-05	0.466752931676567	0.543	0.386	0.827514023707357	10	Ssdp
5.40948064452607e-05	0.363570290776886	0.696	0.684	0.840633292159351	10	dUTPase
5.49473628248417e-05	0.395008662733241	0.37	0.217	0.85388201829804	10	Su(var)2-HP2
5.81922196416847e-05	0.323172360578027	0.424	0.258	0.90430709323178	10	CG7006
6.1072505838887e-05	0.394024053111331	0.826	0.815	0.949066740736304	10	D1
6.29731373450254e-05	0.386262493840519	0.283	0.148	0.978602554341694	10	P5CDh1
6.73627186972638e-05	0.310765844370396	0.315	0.171	1	10	CG3689
6.89604502793224e-05	0.408613026646356	0.587	0.448	1	10	CG9253
7.11727907692129e-05	0.279332960717378	0.283	0.145	1	10	CG6066
7.13414064605512e-05	0.37224775197933	0.761	0.812	1	10	FK506-bp1
7.39378781873479e-05	0.311929441017298	0.337	0.185	1	10	HipHop
7.88767084016416e-05	0.410923056149546	0.304	0.167	1	10	grp
7.94318316601856e-05	0.441859877476463	0.478	0.322	1	10	RPA3
8.23462735507294e-05	0.474373895719312	0.38	0.224	1	10	rgn
8.95453641651786e-05	0.595043819110343	0.5	0.364	1	10	psq
9.0899972086945e-05	0.550557493362282	0.522	0.402	1	10	crol
9.55867252129714e-05	0.26877308933664	0.826	0.821	1	10	Tim17b
9.63808072457835e-05	0.405135798376848	0.326	0.185	1	10	CycA
0.000101277486604156	0.453157551549637	0.696	0.647	1	10	Hrb98DE
0.000102375844213561	0.291849392780363	0.272	0.142	1	10	CG10038
0.000102416416364586	0.517250385460941	0.598	0.524	1	10	CG7637
0.000110414816376569	0.376985817534615	0.62	0.499	1	10	mago
0.000121463190668304	0.253920406854111	0.946	0.967	1	10	Hrb27C
0.000122343417165709	0.357712466369127	0.489	0.328	1	10	CG8223
0.000125997530259388	0.339047044653484	0.326	0.182	1	10	mRpL39
0.00013596453919896	0.39516494182218	0.37	0.22	1	10	RfC4
0.000136217285258061	0.416865184648101	0.5	0.376	1	10	tral
0.000141228026040626	0.296148990492962	0.804	0.816	1	10	CoVb
0.000155228163856634	0.349997406594919	0.565	0.42	1	10	rump
0.000156153076993462	0.559144471975952	0.457	0.302	1	10	PCNA
0.000156453571137092	0.400357366419505	0.38	0.235	1	10	CG32767
0.000160462186972488	0.348919746990138	0.707	0.672	1	10	nop5
0.000163445296240133	0.435186643799881	0.696	0.628	1	10	Set
0.000166104051438174	0.427652313489346	0.554	0.428	1	10	mRpL12
0.000169781706592614	0.300696959536322	0.337	0.197	1	10	nclb
0.000169793566429424	0.705804308746915	0.478	0.378	1	10	GILT1
0.000176938129818167	0.281375796346201	0.902	0.933	1	10	CG16817
0.000193157766925615	0.434883272068378	0.457	0.322	1	10	eIF6
0.000195460210716354	0.368715738838272	0.326	0.189	1	10	l(1)G0004
0.000201840811676659	0.332619029871978	0.272	0.149	1	10	CG11920
0.000202548768234707	0.404336790988599	0.272	0.145	1	10	CG45049
0.000207780279695589	0.344551779483954	0.261	0.139	1	10	Gug
0.00020888048013805	0.364782105354098	0.804	0.832	1	10	rin
0.000259010843604822	0.260323970051526	0.88	0.817	1	10	ATPsyn-gamma
0.000271281529908154	0.35399052581377	0.543	0.409	1	10	alphaTub84D
0.000302834474591248	0.343841383568819	0.402	0.265	1	10	tws
0.000315924161777478	0.383141260268584	0.793	0.753	1	10	Non2
0.000321651394885703	0.380871427021068	0.391	0.255	1	10	cg
0.000331045779543244	0.375924014212798	0.565	0.459	1	10	Ref1
0.000337361942051984	0.339121966399459	0.326	0.196	1	10	CG11555
0.00036360064666431	0.430495222042819	0.446	0.33	1	10	CG9548
0.000377748899987267	0.326215411319685	0.348	0.213	1	10	CG12107
0.000386253711093034	0.356088671109974	0.283	0.159	1	10	nrv2
0.000404204116423776	0.355042426397235	0.467	0.353	1	10	SelD
0.000411230252903487	0.352623935143117	0.38	0.243	1	10	CG13624
0.000413092631861267	1.25850421697074	0.185	0.368	1	10	ced-6
0.000420037549672568	0.450068518701277	0.359	0.232	1	10	glu
0.000423404959581951	0.270917498973071	0.315	0.185	1	10	beta-Spec
0.000440608353758842	0.491535140684649	0.467	0.35	1	10	Top2
0.000443047780763736	0.386136540996771	0.413	0.287	1	10	CG1142
0.000464821088790679	0.424745763504151	0.609	0.571	1	10	Gapdh1
0.000478056431809714	0.305014816142838	0.902	0.888	1	10	CG32230
0.000489288808042568	0.304994436916949	0.391	0.248	1	10	Surf6
0.000493439942707992	0.295513014643087	0.261	0.142	1	10	CG5037
0.000497697206993995	0.43776025873779	0.467	0.353	1	10	Uhg5
0.000506738350406023	0.424646222021642	0.337	0.201	1	10	vir-1
0.000580728522098016	0.338038396844477	0.391	0.261	1	10	Rpb5
0.000639500837893757	0.297325122351307	0.783	0.803	1	10	Neb-cGP
0.00066473398847146	0.319510275102642	0.674	0.664	1	10	Hsp60
0.000676871264406348	0.267668190028962	0.359	0.222	1	10	aurB
0.000730369140647513	0.386945571169535	0.293	0.174	1	10	mus210
0.000775051138383656	0.413873252173389	0.304	0.19	1	10	Eap
0.00079657266738013	0.279662435232635	0.283	0.166	1	10	bonsai
0.000883731710489119	0.263876347819408	0.402	0.272	1	10	CG2199
0.000906620749787545	0.3020641787617	0.359	0.224	1	10	RanGAP
0.000917827942605341	0.315401683328853	0.598	0.5	1	10	Fib
0.000926477495025289	0.326277003964889	0.652	0.587	1	10	ben
0.00100376592715661	0.395793847742365	0.587	0.474	1	10	Caf1
0.00104062415817375	0.349202116500092	0.663	0.608	1	10	CG9922
0.00109405308539006	0.312851430092399	0.38	0.247	1	10	mRpS10
0.00111224189968729	0.489372636393659	0.576	0.469	1	10	E2f1
0.00120694807890391	0.276021123318815	0.337	0.213	1	10	Nopp140
0.00121654128989026	0.287071705573258	0.38	0.261	1	10	CG30349
0.00133577546902989	0.401628162988138	0.587	0.526	1	10	Aps
0.00137669713879143	0.382390538795843	0.315	0.195	1	10	Smn
0.00156132984925427	0.405598741192215	0.565	0.491	1	10	CG14464
0.00156418381515963	0.310020426771439	0.435	0.321	1	10	SpdS
0.00159205700961645	0.306486171132482	0.554	0.48	1	10	Trxr-1
0.00164011286785557	0.292839400742516	0.337	0.219	1	10	Non3
0.00167604073820314	0.338977770826526	0.63	0.568	1	10	mbf1
0.00170659011199084	0.555729155763142	0.457	0.345	1	10	N
0.00207385400363695	0.32218999473623	0.522	0.424	1	10	CG9281
0.00210944464221502	0.313001943590585	0.272	0.164	1	10	borr
0.00224267067316803	0.300194163862971	0.935	0.984	1	10	Bacc
0.00230194504624289	0.311522799075293	0.391	0.276	1	10	CG4866
0.00252199492721624	0.349087329002884	0.457	0.355	1	10	tko
0.00257186589581967	0.621182787254659	0.37	0.274	1	10	Zip99C
0.0026677495517579	0.313255253676613	0.467	0.354	1	10	Top1
0.00268950160441657	0.254037400000327	0.402	0.28	1	10	r-l
0.00284523698572731	0.410337007143956	0.293	0.197	1	10	mRpL1
0.00286799072837529	0.328766108064705	0.413	0.3	1	10	mRpL36
0.00288373666780168	0.507001099719413	0.37	0.279	1	10	mbl
0.00294914459003628	0.323012069745099	0.446	0.338	1	10	Su(P)
0.00297646712073109	0.306484177496588	0.348	0.238	1	10	LSm1
0.00299682510356937	0.257785119404828	0.783	0.771	1	10	Cyt-c-p
0.00319351804187933	0.305388852655545	0.598	0.582	1	10	CG4038
0.00343872462522692	0.321557126816066	0.283	0.184	1	10	RpII15
0.00369702073143302	0.351436152433859	0.326	0.228	1	10	l(2)k09913
0.00384629742254558	0.456649919223681	0.728	0.729	1	10	hdc
0.00406983462615999	0.300592073295367	0.5	0.409	1	10	CG7603
0.00410978785324235	0.262338795096672	0.674	0.616	1	10	Phb2
0.00454951905059461	0.302098977774484	0.543	0.464	1	10	SmD1
0.00488473842258388	0.313217558693138	0.435	0.343	1	10	CG11180
0.00493730440499388	0.263040006423976	0.272	0.174	1	10	CG10754
0.00499331260892479	0.343097462503845	0.457	0.351	1	10	flw
0.00501594953082659	0.286402896049818	0.674	0.627	1	10	fs(1)h
0.00503848605787697	0.468394416224419	0.326	0.242	1	10	CG17278
0.00554223461534264	0.940307312038631	0.293	0.216	1	10	hth
0.00580838659530571	0.291548190461304	0.413	0.306	1	10	Ns1
0.00580993771965579	0.635631422542834	0.717	0.719	1	10	Fer2LCH
0.00613825834236626	0.265699889672515	0.63	0.563	1	10	Tal
0.00630984774161391	0.268697534793741	0.457	0.372	1	10	Nxt1
0.00635292634438391	0.34187699216177	0.348	0.257	1	10	Pgam5
0.00684326530178401	0.299390328011353	0.467	0.37	1	10	Rpt5
0.00690503331428155	0.396215464522989	0.315	0.213	1	10	hipk
0.00710640315709964	0.408847978355832	0.587	0.563	1	10	Eno
0.00712931578619895	0.320176667919144	0.5	0.423	1	10	CG3011
0.00745755265588377	0.358036311019627	0.576	0.524	1	10	P32
0.00770931701331734	0.304280607714993	0.5	0.424	1	10	CG7920
0.0080143518361932	0.287981226734113	0.402	0.32	1	10	CG14434
0.00831898492261622	0.280838639860074	0.391	0.298	1	10	CG10777
0.00854366007330396	0.32911080778015	0.543	0.487	1	10	spoon
0.00866200507778698	0.314066014039587	0.315	0.223	1	10	Klp10A
0.00866852425660006	0.320137744110499	0.326	0.234	1	10	mRpL48
0.00874299633742667	0.262889802620345	0.348	0.253	1	10	CG32278
0.008959152052778	0.314287169836035	0.424	0.322	1	10	CG10638
0.0092695930297133	0.936997075891303	0.543	0.673	1	10	LM408
0.00932042262611167	0.30788661175322	0.804	0.859	1	10	CtBP
0.00944967552175814	0.359944310679034	0.337	0.24	1	10	CG8188
0.00954288149487934	0.276646239004225	0.533	0.475	1	10	Acon
0.0099006609129961	0.281919302334901	0.446	0.35	1	10	Nmdmc
0.00991318058634768	0.331999056754762	0.391	0.295	1	10	HIP-R
0	1.44705663385533	0.998	0.729	0	0	Ance
0	1.42148363633561	0.934	0.493	0	0	CecA2
0	1.31446548453931	0.814	0.233	0	0	IM18
0	1.16723214767485	0.983	0.765	0	0	Tep4
0	1.15230750126931	0.998	0.802	0	0	CR43855
0	1.07126903157911	0.429	0.087	0	0	CG33225
0	1.04335583109995	0.871	0.457	0	0	CecA1
0	1.00747957325536	0.98	0.777	0	0	CG42566
0	0.730067575989615	0.679	0.267	0	0	CAP
0	0.684726292226834	0.511	0.132	0	0	NK7.1
1.13310355180495e-303	0.58611800169205	0.347	0.053	1.7608429195049e-299	0	CG13160
1.38978309372795e-301	0.82496395693524	0.895	0.577	2.15972292765323e-297	0	CecC
3.18933043567559e-294	0.880045580303026	0.734	0.372	4.95621949703987e-290	0	CG44250
1.74749440930779e-219	1.11618292479451	0.583	0.253	2.71560631206431e-215	0	Dro
2.13684215226259e-151	0.435275370812213	0.9	0.761	3.32065270461607e-147	0	GstO3
6.11349827086722e-148	0.323581901508708	0.256	0.062	9.50037631292766e-144	0	CG10433
1.11965008313391e-145	0.49926325111483	0.46	0.208	1.7399362291901e-141	0	CG18812
1.71920869250237e-135	0.513422219028953	0.651	0.376	2.67165030814868e-131	0	PGRP-LB
1.79538135770983e-131	0.397481363462072	0.441	0.188	2.79002262988107e-127	0	CG11236
8.9583018418472e-130	0.453377586894387	0.539	0.294	1.39212010622305e-125	0	et
7.124413411643e-129	0.316935127975623	0.264	0.075	1.10713384416932e-124	0	Swim
5.94587640762321e-109	0.348051972418937	0.382	0.164	9.23989193744647e-105	0	ITP
1.75150512739821e-106	0.399695167678765	0.645	0.421	2.72183896797682e-102	0	CG5953
1.72149421910391e-105	0.335088947318775	0.364	0.156	2.67520201648748e-101	0	stv
1.07420978168654e-104	0.407027042288125	0.457	0.237	1.66932200074088e-100	0	CG6299
2.91109835405483e-103	0.352045495878003	0.849	0.704	4.5238468422012e-99	0	Gapdh2
1.73825525243995e-101	0.511278470308872	0.647	0.392	2.70124866229169e-97	0	CecB
1.27699485697195e-100	0.385476692888642	0.798	0.632	1.98445000773441e-96	0	nop5
4.93901997593515e-100	0.362419777106411	0.828	0.677	7.67523704260323e-96	0	Nop60B
4.04523500657663e-98	0.38992601094687	0.783	0.616	6.28629520022009e-94	0	hoip
2.54690054812979e-96	0.263556135942195	0.967	0.915	3.9578834517937e-92	0	CG4250
2.04246559179069e-94	0.341559320407847	0.841	0.711	3.17399152964273e-90	0	mod
2.42244390101679e-94	0.519376692157787	0.393	0.19	3.7644778221801e-90	0	CG3348
5.77066875324433e-93	0.369757956818726	0.738	0.552	8.96761924254169e-89	0	mthl6
7.79712387830564e-93	0.354497595044044	0.75	0.572	1.2116730506887e-88	0	Nop56
8.86809124221907e-91	0.369748408140655	0.734	0.547	1.37810137904084e-86	0	NHP2
6.3446856429588e-88	0.284010397526813	0.908	0.817	9.85964148915798e-84	0	CG11267
6.74276139507507e-86	0.310341767630203	0.891	0.785	1.04782512079467e-81	0	FK506-bp1
1.13143268400876e-85	0.29109880113545	0.895	0.8	1.75824639094961e-81	0	CG7911
1.28384632624585e-84	0.314446474973256	0.29	0.121	1.99509719098605e-80	0	hebe
2.45430794994356e-82	0.363696547197531	0.764	0.612	3.8139945542123e-78	0	CG11357
1.38429822183399e-81	0.358665734854805	0.69	0.51	2.15119943673002e-77	0	GstE6
2.82688298499569e-81	0.268123745857566	0.514	0.297	4.39297615868331e-77	0	CG15347
6.77707576891799e-77	0.367998949016288	0.664	0.5	1.05315757448986e-72	0	Adgf-A
5.07433942840691e-76	0.316452241599605	0.851	0.738	7.88552347174435e-72	0	Jra
9.80311022334298e-76	0.367341208610535	0.259	0.108	1.5234033287075e-71	0	CG31174
5.93773678454094e-70	0.319625584073093	0.825	0.692	9.22724296317662e-66	0	CG43210
1.86538275024645e-68	0.372996033379127	0.594	0.42	2.89880479388298e-64	0	Sodh-2
9.29841445050331e-66	0.287821440211493	0.416	0.241	1.44497360560821e-61	0	Sr-CIII
5.93959998516936e-64	0.306348840529254	0.637	0.456	9.23013837695319e-60	0	Fib
1.50816483627794e-63	0.555349848883105	0.414	0.244	2.34368815557592e-59	0	AttA
1.7448422792777e-62	0.270508206852172	0.825	0.735	2.71148490199755e-58	0	vib
9.40077508318453e-62	0.284237556897706	0.832	0.741	1.46088044792688e-57	0	CtsB1
9.47530985692966e-60	0.28709152234304	0.709	0.548	1.47246315176687e-55	0	CG31431
4.98020519490976e-53	0.270620569495173	0.69	0.547	7.73923887288977e-49	0	CG4038
1.08498090914862e-51	0.289593921096874	0.536	0.378	1.68606033281696e-47	0	CG8545
2.56093501379793e-50	0.273250088356266	0.504	0.343	3.97969301144198e-46	0	Nhe3
3.38923041364788e-49	0.285668509980426	0.643	0.497	5.2668640628088e-45	0	CG6767
3.63520088388255e-44	0.25345711565336	0.313	0.18	5.64910217355349e-40	0	CR42868
0	2.22554056586706	0.637	0.024	0	8	CG15550
0	1.76613298069575	0.83	0.012	0	8	CG15115
0	1.45237540330837	0.704	0.012	0	8	rdgA
0	0.595273964933989	0.341	0.003	0	8	5-HT1B
1.57960211531562e-226	0.928852296939632	0.511	0.025	2.45470168720047e-222	8	CG30054
1.00868001175297e-205	0.788266264482655	0.467	0.023	1.56748873826412e-201	8	dlp
2.31686156545826e-137	1.09387394322988	0.526	0.046	3.60040287272213e-133	8	kn
1.70021098767355e-107	0.803085800351374	0.37	0.028	2.6421278748447e-103	8	CG44325
1.81829691163973e-105	2.45923131406103	1	0.367	2.82563340068814e-101	8	IM18
2.21142103659508e-90	0.76550260057218	0.481	0.06	3.43654829086875e-86	8	CG12910
1.54226455954041e-63	0.460560003295126	0.289	0.029	2.3966791255258e-59	8	sn
1.23249418940016e-59	0.740123852614984	0.481	0.085	1.91529597032784e-55	8	elB
2.53526165117207e-56	0.830868557448682	0.437	0.077	3.9397966059214e-52	8	Dg
5.59538388150373e-56	1.08806763220966	0.993	0.824	8.6952265518568e-52	8	CG42566
2.0631424035118e-52	1.04587414680961	0.696	0.211	3.20612329505733e-48	8	ITP
7.66242976775361e-48	1.05306172962099	1	0.792	1.19074158590891e-43	8	Ance
1.12361479548658e-47	0.982932693810316	0.993	0.816	1.74609739218615e-43	8	Tep4
6.67593663208601e-41	0.598723935136041	0.407	0.084	1.03744055262617e-36	8	Mkp3
9.2026098718369e-37	0.557231236837272	0.348	0.069	1.43008557408345e-32	8	Ance-2
3.6467528915495e-31	0.797162706870136	0.756	0.363	5.66705399346793e-27	8	CAP
6.9396916969358e-30	0.517715858678989	0.252	0.045	1.07842808970382e-25	8	CG9674
2.43536275071201e-29	0.288354277816687	1	1	3.78455371460646e-25	8	RpL41
2.5139749360066e-27	0.659719194458026	0.459	0.144	3.90671705055425e-23	8	Ilp6
1.4680264851737e-25	0.822247702651581	0.652	0.306	2.28131315795993e-21	8	Hex-A
2.8748998118498e-24	0.527396422610901	0.296	0.071	4.4675943076146e-20	8	Lip4
2.17370578208436e-23	0.628852322980304	0.985	0.849	3.37793878535909e-19	8	CR43855
7.84402986401803e-23	0.477380170396537	0.311	0.079	1.2189622408684e-18	8	fax
2.86012508502605e-22	0.541595283118555	0.319	0.086	4.44463438213048e-18	8	IP3K2
7.10396405053046e-21	0.684916711380527	0.689	0.381	1.10395601345243e-16	8	Gmap
1.89426360901496e-20	0.499191975540675	0.459	0.173	2.94368564840925e-16	8	Nup93-1
3.29108121334646e-19	0.473820094179119	0.956	0.841	5.1143402055404e-15	8	Rtnl1
4.73002978225601e-19	0.6713863236601	0.815	0.594	7.35046628162584e-15	8	mthl6
2.02709351896427e-18	0.294558214398601	1	0.997	3.15010332847048e-14	8	sesB
3.12155050671789e-17	0.541114803022422	0.859	0.738	4.8508894874396e-13	8	Gapdh2
1.5499562933127e-16	0.289197634964695	0.274	0.079	2.40863207980793e-12	8	Hsp23
6.12762861591633e-16	0.554017635597968	0.859	0.723	9.52233486913398e-12	8	olf186-M
1.68805304397471e-15	0.521452935446447	0.726	0.467	2.6232344303367e-11	8	Tina-1
1.86433770308354e-15	0.432694648523511	0.393	0.15	2.89718079059183e-11	8	cpo
1.8721851635737e-15	0.314163645770461	0.304	0.098	2.90937574419353e-11	8	Tep2
2.83964725286971e-15	0.584682813116658	0.933	0.817	4.41281183095952e-11	8	CG2865
3.41538253162706e-15	0.489237380291597	0.941	0.764	5.30750445414846e-11	8	dm
4.18026835846329e-15	0.391936181070319	0.837	0.495	6.49613702905195e-11	8	Tsp42Ee
5.31826354337825e-15	0.434590131322205	0.459	0.197	8.2645815464098e-11	8	mew
2.03792643077302e-14	0.339699695787219	0.904	0.756	3.16693767342127e-10	8	Ald
2.23736101172325e-14	0.478077760585169	0.304	0.106	3.47685901221793e-10	8	Drat
2.46746400135022e-14	0.828021365237296	0.578	0.329	3.83443905809824e-10	8	scyl
2.76407773686864e-14	0.350435270794778	0.311	0.107	4.29537680309386e-10	8	CG10433
4.68880501613991e-14	0.489497955920024	0.881	0.712	7.28640299508143e-10	8	Nop60B
6.8679294984379e-14	0.521609574902501	0.6	0.346	1.06727624405725e-09	8	sbb
1.06985111916862e-13	0.438107222432751	0.319	0.117	1.66254863918804e-09	8	CG15083
1.46377472431061e-13	0.470806412967733	0.378	0.156	2.2747059215787e-09	8	stai
7.1630796103654e-13	0.461133884530147	0.444	0.212	1.11314257145078e-08	8	corto
3.23770621114218e-12	0.385088783519557	0.919	0.81	5.03139545211495e-08	8	FK506-bp1
3.43027603816626e-12	0.32412410331656	0.993	0.995	5.33064896331037e-08	8	CG9821
8.1010232958961e-12	0.431084849727549	0.726	0.497	1.25889902018225e-07	8	Fib
9.33346407832502e-12	0.420213424178491	0.674	0.421	1.45042031777171e-07	8	CG7920
3.61076635390335e-11	0.434710581378294	0.793	0.59	5.6111309139658e-07	8	NHP2
7.68228046751188e-11	0.384567917831649	0.844	0.67	1.19382638465135e-06	8	nop5
1.00337647254504e-10	0.456410267299188	0.563	0.337	1.55924703833499e-06	8	Tpi
1.82771869467221e-10	0.408631668299455	0.844	0.686	2.84027485152062e-06	8	CG31324
1.91336700687241e-10	0.345371115674198	0.296	0.121	2.97337232867972e-06	8	ade3
2.00472970616027e-10	0.419926248175579	0.607	0.372	3.11534996337305e-06	8	Hsp27
2.19468265197675e-10	0.360672764521899	0.963	0.915	3.41053684117186e-06	8	CR40469
2.27453593779553e-10	0.425405784358888	0.541	0.306	3.53462884733426e-06	8	Crtc
3.04703584073677e-10	0.324559547587131	0.933	0.838	4.73509369650494e-06	8	CG11267
3.90265837635659e-10	0.261534285756389	0.993	0.955	6.06473111685814e-06	8	Hsc70-4
5.01646216741928e-10	0.392436841729698	0.644	0.428	7.79558220816957e-06	8	ade5
5.73569136928221e-10	0.406786889602096	0.763	0.52	8.91326438786456e-06	8	CG6770
7.26830863022744e-10	0.275810624716533	0.289	0.119	1.12949516113734e-05	8	ACC
8.91753162478556e-10	0.544133167306268	0.467	0.269	1.38578441449168e-05	8	jim
1.34615510415903e-09	0.344735655374058	0.8	0.613	2.09192503186313e-05	8	Nop56
7.45606325350266e-09	0.40218578333112	0.348	0.175	0.000115867222959431	8	CG6966
1.02352767769658e-08	0.333853688117627	0.763	0.58	0.000159056201114048	8	CG4038
1.11069237768956e-08	0.372810678609479	0.333	0.161	0.000172601595492958	8	CG11050
1.21128276494748e-08	0.299794177534871	0.341	0.161	0.000188233341672839	8	mbm
1.6011010352112e-08	0.290857868477451	0.815	0.655	0.000248811100871821	8	hoip
1.66425518326491e-08	0.288861081981223	0.57	0.351	0.000258625255479367	8	SelD
3.14502255701436e-08	0.316952256892565	0.548	0.352	0.000488736505360032	8	Top1
4.24924428150762e-08	0.328223465092616	0.8	0.662	0.000660332561346284	8	Hsp60
4.39057125589852e-08	0.320992380110354	0.281	0.13	0.00068229477316663	8	CG6852
5.24854305847242e-08	0.280447917741679	0.444	0.246	0.000815623591286615	8	Pglym78
5.58477611256899e-08	0.2743563803551	0.874	0.772	0.000867874207893221	8	Tom7
6.07958430706747e-08	0.29011206833876	0.993	0.934	0.000944767401318286	8	CR34335
6.48255829958614e-08	0.338559386815643	0.341	0.173	0.00100738955975569	8	Pgm
7.24621954991269e-08	0.300480821033346	0.778	0.666	0.00112606251805643	8	Jupiter
8.15239463960286e-08	0.385957930531214	0.644	0.473	0.00126688212699428	8	Acon
8.26668636670114e-08	0.317378006613994	0.837	0.74	0.00128464306138536	8	Gdh
9.21231373920534e-08	0.389311364053524	0.667	0.51	0.00143159355507251	8	CG11486
1.27493133914021e-07	0.301031103284282	0.83	0.762	0.00198124330102389	8	yps
1.50080357490857e-07	0.287702813584812	0.933	0.905	0.00233224875540791	8	lost
2.33742710941904e-07	0.308223878873953	0.822	0.682	0.00363236172803718	8	dUTPase
3.21706463817831e-07	0.290981380726534	0.496	0.302	0.0049993184477291	8	Dph5
3.48591557556141e-07	0.320892709220807	0.719	0.586	0.00541711280442244	8	CG31431
4.64976729486171e-07	0.343027027752691	0.452	0.278	0.0072257383762151	8	trol
5.07996776331128e-07	0.328853520804053	0.748	0.625	0.00789426990418574	8	Ahcy13
7.20783133197281e-07	0.323783385212055	0.681	0.523	0.0112009698898857	8	P32
7.52455590288684e-07	0.336800424150441	0.4	0.226	0.0116931598730862	8	l(2)k09913
9.15225655492324e-07	0.261119834427436	0.348	0.188	0.0142226066863507	8	Incenp
9.66839155860639e-07	0.316683973868465	0.252	0.119	0.0150246804820743	8	CG14442
1.34553454147007e-06	0.326228898384185	0.807	0.727	0.0209096067744449	8	Prosap
1.52320865734529e-06	0.258703605939977	0.4	0.223	0.0236706625351458	8	NK7.1
1.71308950893198e-06	0.382245390190606	0.6	0.464	0.026621410968803	8	CrebA
2.04751045042377e-06	0.343383957068692	0.459	0.298	0.0318183123995853	8	nonA
2.65895232179359e-06	0.350167740455736	0.681	0.546	0.0413201190806724	8	Dek
2.79320080034769e-06	0.257057630151659	0.304	0.159	0.0434063404374032	8	AcCoAS
3.29352862170521e-06	0.344541550321933	0.252	0.126	0.0511814347812989	8	CG3335
3.92223270530891e-06	0.330684292813058	0.452	0.286	0.0609514962405005	8	Irc
4.12884726907895e-06	0.266129239476641	0.859	0.831	0.064162286561487	8	rin
4.97314697924962e-06	0.27249187315543	0.37	0.218	0.0772827040575392	8	Non3
5.33316568799304e-06	0.322880237394915	0.607	0.422	0.0828773947914118	8	Uhg2
5.69014988552295e-06	0.28322363274236	0.422	0.261	0.0884249292210267	8	Mys45A
5.79594821422216e-06	0.277900248462393	0.363	0.212	0.0900690352490123	8	hipk
5.85979862972301e-06	0.25872969081378	0.681	0.557	0.0910612707058956	8	l(2)37Cc
7.25600508000078e-06	0.350144330959063	0.637	0.468	0.112758318943212	8	E2f1
7.36616547023539e-06	0.274982092705033	0.481	0.321	0.114470211407458	8	DppIII
9.16758493770734e-06	0.293277448474368	0.622	0.486	0.142464269931972	8	spoon
9.64516793461743e-06	0.25685407572321	0.844	0.742	0.149885909703955	8	mod
1.10737221155785e-05	0.290007187360145	0.881	0.797	0.17208564167609	8	Rm62
1.34936581483976e-05	0.296235889598202	0.696	0.557	0.209691447626099	8	CG8036
1.39322195593024e-05	0.310058612557443	0.504	0.354	0.216506691951559	8	Atf3
1.53601725013279e-05	0.345625568028729	0.4	0.253	0.238697080670635	8	CG5151
2.05205037013243e-05	0.274765716892977	0.356	0.217	0.31888862751858	8	CG6712
2.18963938513344e-05	0.413691765613724	0.378	0.235	0.340269960449736	8	Claspin
2.25036427180821e-05	0.281171650313161	0.8	0.665	0.349706607838997	8	Trf2
2.29297325749776e-05	0.370250855683593	0.4	0.265	0.356328044215151	8	fru
2.30788865278552e-05	0.292095545350682	0.533	0.385	0.35864589664287	8	Ssdp
2.71629559449304e-05	0.287891881605785	0.348	0.213	0.422112335384218	8	CTPsyn
4.44101665701852e-05	0.289365819340584	0.615	0.496	0.690133988500678	8	Mdh1
4.89719848285236e-05	0.267343932088004	0.822	0.74	0.761024644235257	8	vig
5.33574660732787e-05	0.396681121173748	0.6	0.464	0.829175022778751	8	bin3
5.46889453848194e-05	0.347821907917462	0.415	0.271	0.849866211280094	8	A2bp1
7.00892326720868e-05	0.270394914931083	0.674	0.561	1	8	Eno
9.49374112906606e-05	0.278419264857128	0.444	0.309	1	8	l(2)tid
0.000116794318917282	0.251185667893951	0.704	0.607	1	8	Sod2
0.000125280176426743	0.252337740242591	0.393	0.254	1	8	cg
0.000242198607173368	0.278474491842036	0.356	0.224	1	8	Nnp-1
0.000248588723905243	0.262919131309199	0.57	0.449	1	8	Pgk
0.000273726962090606	0.27685595607192	0.852	0.804	1	8	Hsp83
0.000603282115119632	0.293648742610836	0.563	0.443	1	8	emb
0.000818409470844113	0.251016990345259	0.333	0.216	1	8	CG5059
0.0010000053593328	0.280271646027755	0.43	0.306	1	8	CG8468
0.00154378666835815	0.255431699003416	0.622	0.51	1	8	Eip75B
0.00167455203791944	0.289868979929957	0.719	0.623	1	8	LamC
0.00536196149580554	0.310116258385936	0.333	0.242	1	8	Dbi
1.52612132993122e-162	0.725165708219073	0.986	0.775	2.37159254671311e-158	3	Ance
1.59624083873228e-154	0.676052381342601	0.654	0.266	2.48055826338996e-150	3	PCNA
3.57036293445443e-147	0.589556373055263	0.576	0.2	5.54834400014219e-143	3	Claspin
6.42059657545367e-147	0.539685600245707	0.563	0.191	9.977607078255e-143	3	Ts
3.27773490092351e-131	0.590761776897421	0.967	0.812	5.09360003603514e-127	3	CG42566
1.97173037849343e-123	0.523519958769549	0.465	0.156	3.0640690081788e-119	3	HipHop
2.03336904220866e-119	0.573259758424835	0.959	0.803	3.15985549159225e-115	3	Tep4
1.27119684102981e-115	0.402101296074043	0.421	0.131	1.97543989096032e-111	3	RnrL
1.01555715593681e-113	0.51296402481543	0.49	0.178	1.5781758203258e-109	3	Caf1-180
2.12937419196684e-107	0.524814576588313	0.885	0.663	3.30904749431647e-103	3	dUTPase
5.91330974146355e-104	0.430214346420721	0.342	0.098	9.18928333823435e-100	3	UK114
2.79736654633962e-103	0.474674680229832	0.507	0.2	4.34710761301178e-99	3	RnrS
4.79532477614482e-94	0.415850162517415	0.451	0.169	7.45193470212906e-90	3	dnk
8.41274070891759e-92	0.440335051482865	0.545	0.243	1.30733990616579e-87	3	RPA2
5.34719731538102e-90	0.341531498638541	0.329	0.1	8.3095446281021e-86	3	dpa
1.04861224200109e-78	0.400893602232741	0.935	0.798	1.62954342406969e-74	3	FK506-bp1
2.62144305171389e-77	0.267357496905297	0.253	0.07	4.07372250236339e-73	3	Mcm3
2.76220608826542e-74	0.38562786488485	0.445	0.19	4.29246826116446e-70	3	msd1
8.46180232672688e-69	0.354694169767139	0.355	0.134	1.31496408157336e-64	3	WRNexo
1.16030694672124e-67	0.312512271412996	0.667	0.345	1.80311699520481e-63	3	IM18
3.47095856624108e-67	0.334759755579266	0.322	0.118	5.39386961193864e-63	3	Mcm6
1.78679681908236e-66	0.341283552138753	0.36	0.141	2.77668225685399e-62	3	BthD
1.19442168685194e-65	0.343864577272405	0.946	0.828	1.85613130136792e-61	3	CG11267
1.76830921845204e-64	0.348635636911645	0.409	0.178	2.74795252547447e-60	3	Gnf1
2.45039305101143e-64	0.374096086721299	0.434	0.199	3.80791080127176e-60	3	RfC4
3.63535248650316e-62	0.348058939736884	0.436	0.2	5.64933776402591e-58	3	aurB
1.87871739843554e-61	0.406183590609352	0.445	0.211	2.91952683716884e-57	3	glu
3.08150131171242e-61	0.299828509965907	0.293	0.105	4.78865303840109e-57	3	Acf1
2.90137314440503e-59	0.292832862555713	0.325	0.128	4.50873386640542e-55	3	CG5757
6.74966476569612e-59	0.374184843215684	0.543	0.3	1.04889790458918e-54	3	RPA3
6.63612908218587e-58	0.262320479106671	0.258	0.088	1.03125445937168e-53	3	Mcm7
2.71624775092575e-51	0.272109448344681	0.254	0.094	4.22104900493862e-47	3	fzy
5.49877310227669e-50	0.341016200876412	0.77	0.577	8.54509340093797e-46	3	Ssrp
2.63979029283475e-49	0.331268337467768	0.899	0.784	4.10223411506521e-45	3	GstO3
4.19349601381804e-49	0.33405428445361	0.477	0.259	6.51669280547323e-45	3	Rrp1
3.86822813222794e-48	0.381451030832229	0.671	0.468	6.01122651748223e-44	3	Pen
3.35837144348635e-47	0.326439662754053	0.444	0.23	5.21890922317779e-43	3	CG11236
9.67470499650189e-46	0.375867200332914	0.497	0.291	1.50344915645639e-41	3	Fs(2)Ket
1.36807907934317e-45	0.319040220561795	0.455	0.237	2.12599488929929e-41	3	stg
1.5049173959809e-44	0.281659154022147	0.951	0.854	2.33864163335432e-40	3	His2Av
1.63918675087576e-44	0.318052588944634	0.499	0.287	2.54729621086093e-40	3	Ote
7.76198294575831e-44	0.374420835856947	0.673	0.478	1.20621214977084e-39	3	sle
5.93498070286708e-43	0.298927575587876	0.423	0.225	9.22296001225544e-39	3	RpA-70
9.94597525819969e-43	0.302327262023362	0.867	0.664	1.54560455512423e-38	3	GstD3
1.23083331262943e-41	0.350782447104758	0.656	0.442	1.91271496782613e-37	3	Sodh-2
4.21963062155152e-41	0.33946574711123	0.549	0.356	6.55730598589106e-37	3	geminin
4.7112288931105e-41	0.306119458124957	0.518	0.308	7.32124969989371e-37	3	Cdk1
1.7259710669441e-39	0.32856479532861	0.903	0.794	2.68215903803114e-35	3	Hsp83
2.17829000551308e-39	0.259208357351799	0.387	0.203	3.38506266856733e-35	3	polo
1.36817268690342e-37	0.278533737152334	0.916	0.814	2.12614035544791e-33	3	CG7911
1.4881404181517e-37	0.290500437700044	0.654	0.456	2.31257020980774e-33	3	Caf1
6.26342290822244e-37	0.380430731671892	0.635	0.423	9.73335919937767e-33	3	PGRP-LB
2.17734038189622e-35	0.273352296280524	0.854	0.699	3.38358695346673e-31	3	Nop60B
2.33451747984846e-35	0.304625481748681	0.593	0.405	3.62784016368451e-31	3	CG3011
4.20266162929103e-34	0.288068765222926	0.423	0.243	6.53093617191826e-30	3	CG12288
9.62583940359867e-33	0.264752225866202	0.476	0.289	1.49585544331923e-28	3	Bub3
1.11026596278489e-30	0.269277727378459	0.872	0.761	1.72535330616772e-26	3	Cyt-c-p
2.85239911601826e-30	0.289336045974912	0.294	0.145	4.43262822629237e-26	3	stai
2.5515618462564e-29	0.294284267621636	0.705	0.538	3.96512710908244e-25	3	GstE6
2.83743386824466e-29	0.280920351612308	0.59	0.406	4.4093722312522e-25	3	CG13096
5.8655306770941e-29	0.265169219849109	0.739	0.578	9.11503467220423e-25	3	NHP2
4.57080785620955e-28	0.260482767699989	0.743	0.595	7.10303540854964e-24	3	lwr
1.05613812654915e-27	0.267286768437548	0.801	0.649	1.64123864865738e-23	3	Hsp60
1.43278128176217e-24	0.250365606332462	0.522	0.36	2.22654211185841e-20	3	Hsp27
0	2.02267285683358	0.843	0.131	0	6_2_5_1_4	Cg25C
0	1.94453064358415	0.959	0.268	0	6_2_5_1_4	BM-40-SPARC
0	1.86496807553298	0.786	0.1	0	6_2_5_1_4	Glt
0	1.80039015151042	0.947	0.398	0	6_2_5_1_4	CG42807
0	1.72291297341975	0.798	0.108	0	6_2_5_1_4	vkg
0	1.57890908194436	0.878	0.208	0	6_2_5_1_4	Pxn
0	1.5129191859075	0.749	0.123	0	6_2_5_1_4	Sr-CI
0	1.48717354921638	0.923	0.474	0	6_2_5_1_4	Ppn
0	1.47284487339026	0.999	0.905	0	6_2_5_1_4	regucalcin
0	1.42408792519771	0.84	0.314	0	6_2_5_1_4	CG34331
0	1.38944886539976	0.986	0.658	0	6_2_5_1_4	Hml
0	1.34510717206327	0.762	0.142	0	6_2_5_1_4	CG1092
0	1.27189165440064	0.735	0.194	0	6_2_5_1_4	NtR
0	1.23407737850369	0.856	0.205	0	6_2_5_1_4	CG43124
0	1.22657285272417	0.767	0.252	0	6_2_5_1_4	Cys
0	1.17113640433015	0.442	0.069	0	6_2_5_1_4	Ggamma30A
0	1.15969535605116	0.725	0.125	0	6_2_5_1_4	CG9372
0	1.12149647211746	0.885	0.39	0	6_2_5_1_4	Tep1
0	1.08393402234031	0.489	0.055	0	6_2_5_1_4	NimC1
0	1.04559082767884	0.593	0.135	0	6_2_5_1_4	lectin-24Db
0	1.02187012920611	0.598	0.074	0	6_2_5_1_4	CG34437
0	1.01657426131645	0.782	0.368	0	6_2_5_1_4	NimB4
0	0.966329188380207	0.694	0.178	0	6_2_5_1_4	kuz
0	0.963301038249167	0.452	0.041	0	6_2_5_1_4	CG34054
0	0.961084593681698	0.848	0.486	0	6_2_5_1_4	LanB1
0	0.954500791135794	0.75	0.409	0	6_2_5_1_4	CG30090
0	0.914391753531853	0.625	0.109	0	6_2_5_1_4	l(1)G0289
0	0.901006393130029	0.913	0.623	0	6_2_5_1_4	spz
0	0.877070987208437	0.464	0.06	0	6_2_5_1_4	yellow-f
0	0.86233538719699	0.604	0.111	0	6_2_5_1_4	CG43125
0	0.862135959364396	0.69	0.303	0	6_2_5_1_4	eater
0	0.857102101675397	0.711	0.34	0	6_2_5_1_4	LanA
0	0.851462243362229	0.89	0.666	0	6_2_5_1_4	Cp1
0	0.828120077549498	0.826	0.534	0	6_2_5_1_4	CG31777
0	0.826834679430537	0.503	0.067	0	6_2_5_1_4	Tig
0	0.812457673581522	0.443	0.073	0	6_2_5_1_4	Ance-5
0	0.784112695115697	0.734	0.356	0	6_2_5_1_4	nAChRbeta3
0	0.783719603062546	0.495	0.094	0	6_2_5_1_4	LanB2
0	0.770043615560619	0.424	0.059	0	6_2_5_1_4	CG42711
0	0.769942384975503	0.888	0.645	0	6_2_5_1_4	Idgf3
0	0.762683799117028	0.538	0.165	0	6_2_5_1_4	SppL
0	0.761626487162223	0.763	0.456	0	6_2_5_1_4	trio
0	0.739071585685358	0.665	0.261	0	6_2_5_1_4	Tsp42Ee
0	0.721773211902086	0.839	0.604	0	6_2_5_1_4	CG6310
0	0.712286581160149	0.826	0.609	0	6_2_5_1_4	kay
0	0.69266984142825	0.997	0.974	0	6_2_5_1_4	Act42A
0	0.682446422311847	0.91	0.747	0	6_2_5_1_4	CG31337
0	0.680638545586687	0.793	0.397	0	6_2_5_1_4	E(spl)mbeta-HLH
0	0.652210753448485	0.791	0.466	0	6_2_5_1_4	CG32138
0	0.629962933831253	0.358	0.027	0	6_2_5_1_4	CG34436
0	0.594270642471962	0.962	0.892	0	6_2_5_1_4	AnxB9
0	0.559692119993987	0.949	0.742	0	6_2_5_1_4	CG7777
0	0.545514070579108	0.805	0.548	0	6_2_5_1_4	Gel
1.63386764023558e-303	0.995880036787348	0.582	0.226	2.53903031292609e-299	6_2_5_1_4	CG12522
3.72324878795833e-301	0.991468612911052	0.494	0.132	5.78592861648725e-297	6_2_5_1_4	lectin-24A
2.04753960598832e-298	0.746730240312783	0.436	0.09	3.18187654770585e-294	6_2_5_1_4	Idgf1
2.42957085686205e-278	0.424152413945186	0.966	0.922	3.77555311156363e-274	6_2_5_1_4	ERp60
1.24744929250339e-274	0.630035309823481	0.685	0.345	1.93853620055026e-270	6_2_5_1_4	CG17760
3.9795820292347e-272	0.410658635592688	0.966	0.922	6.18427047343072e-268	6_2_5_1_4	Pdi
2.62983527447527e-271	0.67603108470633	0.381	0.06	4.08676401653457e-267	6_2_5_1_4	CG5397
4.37095540172636e-269	0.62651809352143	0.752	0.471	6.79246469428276e-265	6_2_5_1_4	Swip-1
8.05799022108316e-267	0.943208631946179	0.666	0.331	1.25221168035632e-262	6_2_5_1_4	CG2444
3.0451421483566e-257	0.698001173622537	0.729	0.469	4.73215089854616e-253	6_2_5_1_4	CG17574
9.24670044850367e-256	0.649190832327539	0.5	0.172	1.43693724969747e-251	6_2_5_1_4	Oat
7.29208300574151e-255	0.62100747017711	0.742	0.46	1.13318969909223e-250	6_2_5_1_4	Idh
1.08615739977299e-253	0.65447636248559	0.923	0.812	1.68788859924723e-249	6_2_5_1_4	Gadd45
9.22487025140769e-249	0.721573040139573	0.749	0.506	1.43354483706876e-244	6_2_5_1_4	Inos
2.16434408241934e-248	0.919387643434827	0.319	0.035	3.36339070407965e-244	6_2_5_1_4	vir-1
5.03279622068206e-248	0.655659001613057	0.568	0.258	7.82096532693993e-244	6_2_5_1_4	Rip11
1.59484251674552e-245	0.441488373376556	0.954	0.864	2.47838527102254e-241	6_2_5_1_4	CG1572
1.53985475752332e-244	0.777673677399416	0.475	0.158	2.39293429319124e-240	6_2_5_1_4	PGRP-SA
2.76575091959871e-243	0.560403128877355	0.795	0.579	4.29797692905639e-239	6_2_5_1_4	Hexo2
6.18604311724275e-243	0.594469752258995	0.707	0.437	9.61311100419523e-239	6_2_5_1_4	CG3505
3.17293808957421e-241	0.289922510475175	1	0.995	4.93074579119832e-237	6_2_5_1_4	Act5C
1.00986415858376e-238	0.476364307498118	0.9	0.773	1.56932890243917e-234	6_2_5_1_4	Karl
6.87829094901644e-236	0.490448139597762	0.303	0.032	1.06888641347715e-231	6_2_5_1_4	CG14523
1.8207318638448e-235	0.775269602192522	0.666	0.391	2.82941731641482e-231	6_2_5_1_4	NijA
8.19729900180403e-235	0.574310070730212	0.718	0.451	1.27386026488035e-230	6_2_5_1_4	CG11791
3.68840525931947e-232	1.00422587173253	0.284	0.023	5.73178177298245e-228	6_2_5_1_4	CG8501
9.43054442081009e-229	0.412040168042858	0.994	0.98	1.46550660299389e-224	6_2_5_1_4	CG5210
3.21088374882651e-224	0.414512441739372	0.979	0.956	4.9897133456764e-220	6_2_5_1_4	Crc
2.46838037145697e-223	0.595620074780673	0.478	0.17	3.83586309724413e-219	6_2_5_1_4	CG12290
4.070003721902e-222	0.570642581525821	0.416	0.12	6.32478578383571e-218	6_2_5_1_4	MP1
3.00472542876119e-218	0.488778997751874	0.311	0.045	4.66934331629489e-214	6_2_5_1_4	CG5973
5.31894565609932e-217	1.01388137844603	0.522	0.216	8.26564154957834e-213	6_2_5_1_4	CG5399
3.65331040807381e-210	0.601956855237966	0.317	0.055	5.6772443741467e-206	6_2_5_1_4	Ten-m
3.90106294405808e-206	0.517168360957835	0.768	0.571	6.06225181506626e-202	6_2_5_1_4	capt
9.64002653427987e-205	0.576372005488779	0.337	0.069	1.49806012342709e-200	6_2_5_1_4	kek1
5.9714486536998e-202	0.539091799484833	0.759	0.575	9.27963120784949e-198	6_2_5_1_4	Npc2a
6.63800047629677e-201	0.517406849385305	0.711	0.472	1.03154527401652e-196	6_2_5_1_4	Plod
3.9897190410556e-193	0.510294797612803	0.798	0.61	6.2000233898004e-189	6_2_5_1_4	cindr
5.40583098141727e-192	0.563186578724921	0.87	0.662	8.40066134512243e-188	6_2_5_1_4	CG43236
1.30622982421497e-191	0.331944150743276	1	0.986	2.02988114683006e-187	6_2_5_1_4	Nplp2
1.24339911136351e-185	0.497309202215201	0.369	0.104	1.9322422190589e-181	6_2_5_1_4	CG30463
1.28454204755055e-184	0.516753617684994	0.621	0.359	1.99617834189355e-180	6_2_5_1_4	CG33461
4.76623861520383e-181	0.491506814606609	0.501	0.225	7.40673480802675e-177	6_2_5_1_4	CG5322
6.30870160366705e-181	0.533957917757441	0.545	0.267	9.8037222920986e-177	6_2_5_1_4	CG11686
2.11539508348787e-179	0.469534114116592	0.799	0.637	3.28732395974014e-175	6_2_5_1_4	scf
8.41307203217797e-176	0.478057228725742	0.322	0.078	1.30739139380046e-171	6_2_5_1_4	CG31673
2.05206145489759e-172	0.61636075660843	0.728	0.506	3.18890350091085e-168	6_2_5_1_4	Mmp1
1.24794091449122e-168	0.421810034012287	0.296	0.065	1.93930018111936e-164	6_2_5_1_4	Ndae1
8.10421804473796e-161	0.461071439133502	0.302	0.073	1.25939548415228e-156	6_2_5_1_4	CG30456
1.30183444389296e-157	0.49543876101399	0.392	0.149	2.02305072580966e-153	6_2_5_1_4	ena
1.47059542112628e-156	0.277236731709773	0.997	0.987	2.28530528443023e-152	6_2_5_1_4	GstD1
1.21239804643975e-154	0.277816973258357	0.259	0.043	1.88406656416737e-150	6_2_5_1_4	lectin-28C
6.52547520163474e-153	0.432933376894888	0.846	0.725	1.01405884633404e-148	6_2_5_1_4	zip
1.5303510405051e-151	0.434132014063162	0.31	0.087	2.37816551694493e-147	6_2_5_1_4	nuf
4.45140019660141e-150	0.438478788715458	0.329	0.101	6.91747590551859e-146	6_2_5_1_4	pigs
7.45376569684699e-150	0.461825639113794	0.735	0.502	1.15831518929002e-145	6_2_5_1_4	cact
5.01929606803485e-147	0.959625929455554	0.359	0.128	7.79998608972616e-143	6_2_5_1_4	CG16713
5.87834924583992e-141	0.462850210085632	0.514	0.279	9.13495472803524e-137	6_2_5_1_4	mthl2
1.0954590790009e-139	1.37901548926366	0.31	0.099	1.7023434087674e-135	6_2_5_1_4	Drs
1.24169811044701e-139	0.43324251486228	0.458	0.226	1.92959886363465e-135	6_2_5_1_4	Cyp4e2
6.10974188023936e-135	0.439647198295808	0.746	0.572	9.49453888189196e-131	6_2_5_1_4	emc
1.00314215592101e-133	0.377015060787324	0.324	0.111	1.55888291030125e-129	6_2_5_1_4	CG30344
1.52520293420119e-133	0.4567192821045	0.886	0.807	2.37016535974865e-129	6_2_5_1_4	CG14629
4.96763968253526e-132	0.437224892276739	0.421	0.198	7.71971206665979e-128	6_2_5_1_4	l(3)05822
1.62320983539643e-131	0.446588148954311	0.557	0.334	2.52246808420604e-127	6_2_5_1_4	kst
4.26130822314797e-131	0.456845268316776	0.523	0.294	6.62207297877195e-127	6_2_5_1_4	CG42674
5.68331451543447e-128	0.282129578279718	0.959	0.914	8.83187075698517e-124	6_2_5_1_4	CG15098
7.0299237396316e-128	0.385378686244117	0.392	0.17	1.09245014913875e-123	6_2_5_1_4	CG30187
1.66734749555379e-123	0.385610038929685	0.687	0.506	2.59105800809058e-119	6_2_5_1_4	CG2493
9.83238558305199e-122	0.547592907073924	0.52	0.304	1.52795271960628e-117	6_2_5_1_4	IP3K1
3.10659839961985e-121	0.427736508404118	0.596	0.387	4.82765391300924e-117	6_2_5_1_4	Myo31DF
1.80732781251571e-120	0.267636273068881	0.728	0.563	2.80858742064942e-116	6_2_5_1_4	CG17337
2.98055865388608e-120	0.392733006337894	0.649	0.442	4.63178814813897e-116	6_2_5_1_4	ct
5.12460203800866e-119	0.365911009220023	0.777	0.627	7.96363156706545e-115	6_2_5_1_4	NimB5
3.98170019422838e-118	0.425134173350072	0.675	0.495	6.18756210183091e-114	6_2_5_1_4	cer
1.94271307150406e-116	0.532869778064733	0.333	0.137	3.01897611311731e-112	6_2_5_1_4	CG33462
3.93299188307345e-116	0.337009380682342	0.283	0.092	6.11186938629615e-112	6_2_5_1_4	Spn42Dc
1.34436284153276e-115	0.483986050411452	0.364	0.155	2.08913985574192e-111	6_2_5_1_4	CG2065
1.1068975757111e-114	0.319560661063375	0.921	0.851	1.72011883265505e-110	6_2_5_1_4	cib
2.65613326304656e-113	0.299410946695873	0.917	0.856	4.12763109077436e-109	6_2_5_1_4	Xrp1
2.16022685346994e-112	0.333664006937027	0.911	0.848	3.35699253029229e-108	6_2_5_1_4	CG6084
7.55727979182841e-112	0.39665428814332	0.421	0.216	1.17440127965013e-107	6_2_5_1_4	CG4398
2.80591533648235e-111	0.367507832806467	0.345	0.148	4.36039243289358e-107	6_2_5_1_4	CG15695
2.83725232867104e-111	0.406515575619784	0.481	0.276	4.40909011875479e-107	6_2_5_1_4	wge
2.47988299576622e-110	0.366384687198252	0.268	0.088	3.85373817542071e-106	6_2_5_1_4	CG42846
5.30857461036604e-110	0.531544610806634	0.462	0.258	8.24952494450883e-106	6_2_5_1_4	Thor
4.60976958884931e-108	0.379163369903849	0.756	0.628	7.16358194107183e-104	6_2_5_1_4	cathD
9.05400729335756e-107	0.413577360271254	0.441	0.245	1.40699273338777e-102	6_2_5_1_4	CG5377
1.72578383996682e-105	0.359897622859004	0.278	0.097	2.68186808730844e-101	6_2_5_1_4	edl
5.40058473046272e-105	0.393249533733488	0.855	0.774	8.39250867113907e-101	6_2_5_1_4	vsg
8.88003953254718e-103	0.369850347971727	0.351	0.162	1.37995814335783e-98	6_2_5_1_4	CG4091
1.52959845858632e-102	0.391200819798132	0.63	0.459	2.37699600464315e-98	6_2_5_1_4	CG32103
1.90849125137737e-101	0.386768515525784	0.716	0.574	2.96579540464044e-97	6_2_5_1_4	mamo
2.16927736516449e-101	0.381136985897773	0.416	0.222	3.37105702546561e-97	6_2_5_1_4	CG9917
1.35560125616927e-100	0.34227364642039	0.735	0.593	2.10660435208704e-96	6_2_5_1_4	Lamp1
7.34165671148358e-100	0.396584333561328	0.286	0.107	1.14089345296455e-95	6_2_5_1_4	spir
1.93051174387476e-99	0.388300670367661	0.526	0.339	3.00001524998138e-95	6_2_5_1_4	Rap2l
9.66954534287467e-99	0.374715256418572	0.375	0.186	1.50264734628272e-94	6_2_5_1_4	svr
2.64380784319235e-98	0.369313787898502	0.631	0.476	4.10847738832091e-94	6_2_5_1_4	CG13585
4.01872264610867e-98	0.258805787149408	0.949	0.893	6.24509499205287e-94	6_2_5_1_4	shep
4.6411811011239e-98	0.294064692112705	0.879	0.798	7.21239543114654e-94	6_2_5_1_4	pum
9.82007973842624e-97	0.293649090782909	0.86	0.799	1.52604039135144e-92	6_2_5_1_4	Clc
1.83186402009013e-96	0.382249208627777	0.421	0.23	2.84671668722007e-92	6_2_5_1_4	fog
3.01066880449409e-94	0.397439201988522	0.602	0.425	4.67857932218382e-90	6_2_5_1_4	CG6701
5.94561395180631e-94	0.332734406483816	0.359	0.176	9.23948408110701e-90	6_2_5_1_4	CG3558
1.00687299388916e-93	0.296779291804983	0.276	0.106	1.56468063250375e-89	6_2_5_1_4	pgant6
6.73038502152425e-93	0.380464628573658	0.413	0.234	1.04590183234487e-88	6_2_5_1_4	CG5854
8.74838081862924e-92	0.442730317946424	0.566	0.377	1.35949837921498e-87	6_2_5_1_4	CG9932
7.45625533116123e-91	0.272926027111423	0.258	0.094	1.15870207846246e-86	6_2_5_1_4	Sr-CIV
2.57883232613484e-90	0.302224423747843	0.284	0.114	4.00750543481353e-86	6_2_5_1_4	CG17029
3.52020633250424e-90	0.339477155601883	0.431	0.246	5.47040064071159e-86	6_2_5_1_4	PGRP-LD
1.44488954310458e-88	0.381682982465599	0.396	0.215	2.24535834998452e-84	6_2_5_1_4	pnt
4.42038609014211e-88	0.316403186108394	0.265	0.104	6.86927998408083e-84	6_2_5_1_4	sPLA2
1.84556733719776e-87	0.346953314966577	0.665	0.511	2.86801164200531e-83	6_2_5_1_4	Arpc3B
4.41411954804966e-87	0.336179171532423	0.491	0.313	6.85954177766917e-83	6_2_5_1_4	Myo61F
6.75147290372483e-87	0.330657537847408	0.703	0.575	1.04917888923884e-82	6_2_5_1_4	Fkbp14
6.21505562488973e-86	0.362148873858302	0.5	0.322	9.65819644107864e-82	6_2_5_1_4	GlcAT-P
7.4927182012976e-86	0.336874120345143	0.934	0.896	1.16436840848165e-81	6_2_5_1_4	Hsc70-3
2.87901651677499e-85	0.301139961940106	0.255	0.097	4.47399166706834e-81	6_2_5_1_4	Cyp9f2
9.22204067638292e-84	0.324901106547871	0.813	0.69	1.43310512110991e-79	6_2_5_1_4	sty
5.5307186777269e-83	0.315194803703659	0.352	0.181	8.5947368251876e-79	6_2_5_1_4	rogdi
2.53568222098122e-82	0.27996735160342	0.876	0.825	3.94045017140481e-78	6_2_5_1_4	Rho1
7.8958181539874e-82	0.313405484523185	0.719	0.594	1.22701014112964e-77	6_2_5_1_4	Gale
1.32760852006246e-81	0.326246231182159	0.796	0.722	2.06310364017706e-77	6_2_5_1_4	CaBP1
1.74325675788829e-81	0.303660733322595	0.804	0.711	2.7090210017584e-77	6_2_5_1_4	CG10527
7.90452065184014e-81	0.319706251510754	0.378	0.206	1.22836250929596e-76	6_2_5_1_4	RhoGAP92B
5.8490521647739e-79	0.32958452473712	0.718	0.597	9.08942706405865e-75	6_2_5_1_4	CG31075
5.06235706644165e-78	0.372311985044791	0.586	0.429	7.86690288125032e-74	6_2_5_1_4	CG10863
1.35720220802029e-77	0.328409800774392	0.462	0.279	2.10909223126353e-73	6_2_5_1_4	RapGAP1
4.2593144083728e-76	0.344553354585168	0.547	0.383	6.61897459061133e-72	6_2_5_1_4	rost
2.24154587718796e-73	0.307926005089479	0.677	0.548	3.48336229315009e-69	6_2_5_1_4	rush
3.30075415622459e-73	0.263244717245512	0.263	0.114	5.12937195877302e-69	6_2_5_1_4	C1GalTA
5.05591888496051e-73	0.278364457743393	0.764	0.651	7.85689794722864e-69	6_2_5_1_4	CG30283
2.46138480571345e-71	0.308489077181783	0.411	0.244	3.8249919880787e-67	6_2_5_1_4	CG33459
1.5096339258051e-70	0.301697283319641	0.531	0.369	2.34597112070112e-66	6_2_5_1_4	CG8300
3.37303131929749e-70	0.362970046173565	0.529	0.385	5.2416906701883e-66	6_2_5_1_4	RhoL
5.4459892926919e-70	0.322938970878549	0.546	0.396	8.46306736084321e-66	6_2_5_1_4	Cortactin
7.63101382438812e-70	0.275937337133732	0.259	0.115	1.18585954830991e-65	6_2_5_1_4	CG1399
3.85093958287974e-69	0.289517919187008	0.814	0.707	5.98436011179511e-65	6_2_5_1_4	CG13117
2.0162511836219e-68	0.28708754155202	0.36	0.201	3.13325433934843e-64	6_2_5_1_4	CG42389
1.04324173128683e-67	0.279859755821912	0.28	0.134	1.62119765041973e-63	6_2_5_1_4	CG10960
1.526199457624e-67	0.307813634379467	0.592	0.448	2.37171395714769e-63	6_2_5_1_4	Past1
1.61564146303766e-66	0.275868162858099	0.82	0.74	2.51070683356052e-62	6_2_5_1_4	Syp
2.07042645730084e-66	0.351778054825773	0.272	0.132	3.2174427146455e-62	6_2_5_1_4	CG10131
1.74427254064113e-65	0.333459193451478	0.482	0.319	2.71059952815632e-61	6_2_5_1_4	CR42715
2.60788352349873e-65	0.291582148788495	0.445	0.291	4.05265099551702e-61	6_2_5_1_4	Vamp7
3.78599333535253e-65	0.308508612361584	0.624	0.494	5.88343364313783e-61	6_2_5_1_4	Sap-r
6.72249854148233e-65	0.270967555535656	0.729	0.594	1.04467627334635e-60	6_2_5_1_4	ATP8B
8.27588937730719e-63	0.288391869086029	0.299	0.155	1.28607320923354e-58	6_2_5_1_4	luna
1.61047967717296e-62	0.292785165259026	0.602	0.464	2.50268541832678e-58	6_2_5_1_4	cher
1.31125731530134e-61	0.292381268666926	0.446	0.293	2.03769386797828e-57	6_2_5_1_4	Mec2
1.48224968662301e-61	0.369736089146196	0.466	0.308	2.30341601301215e-57	6_2_5_1_4	dpr17
6.24054849328684e-61	0.282394686531818	0.695	0.59	9.69781235856775e-57	6_2_5_1_4	Atpalpha
1.0737861243935e-60	0.271944368361457	0.774	0.675	1.6686636373075e-56	6_2_5_1_4	Rac2
4.47948091955056e-59	0.301790744040728	0.352	0.213	6.96111334898156e-55	6_2_5_1_4	alc
8.58493389956638e-59	0.302101903575582	0.699	0.585	1.33409872799262e-54	6_2_5_1_4	CG6891
3.14278702343418e-58	0.259302776997636	0.306	0.167	4.88389103441671e-54	6_2_5_1_4	Rabex-5
4.56863630738719e-58	0.303936077481094	0.333	0.19	7.0996608216797e-54	6_2_5_1_4	Zip99C
6.36529026434776e-58	0.341508452407369	0.333	0.194	9.89166107079643e-54	6_2_5_1_4	GstD7
6.64458302479493e-58	0.258985801661458	0.359	0.215	1.03256820205313e-53	6_2_5_1_4	SH3PX1
3.56548343152611e-57	0.251737087235377	0.752	0.671	5.54076125259158e-53	6_2_5_1_4	Fer2LCH
4.03753434796746e-57	0.309988276457501	0.486	0.348	6.27432837674144e-53	6_2_5_1_4	sgl
6.05122715525117e-55	0.263483161439366	0.69	0.584	9.40360699926032e-51	6_2_5_1_4	Arf51F
5.78785066124651e-54	0.261636751414161	0.445	0.3	8.99431992757708e-50	6_2_5_1_4	mbc
7.69697518374052e-53	0.261405986929351	0.362	0.218	1.19610994355328e-48	6_2_5_1_4	CG4793
1.04521108818527e-52	0.295393534933519	0.742	0.678	1.62425803103991e-48	6_2_5_1_4	Gp93
1.21792671886097e-52	0.333404714678006	0.466	0.328	1.89265812110995e-48	6_2_5_1_4	Reg-5
1.47016567109798e-52	0.278037803604729	0.394	0.257	2.28463745288626e-48	6_2_5_1_4	Mob2
6.68217731459115e-52	0.28360402040742	0.501	0.36	1.03841035468746e-47	6_2_5_1_4	GstE2
4.6017774778932e-50	0.261608161566727	0.567	0.455	7.15116220064603e-46	6_2_5_1_4	CG9318
5.27480465979301e-49	0.266096907349445	0.785	0.709	8.19704644131833e-45	6_2_5_1_4	Chmp1
1.05324872515744e-48	0.274190791020723	0.628	0.529	1.63674851889466e-44	6_2_5_1_4	pst
2.6421606928683e-48	0.252814296284172	0.505	0.378	4.10591771671734e-44	6_2_5_1_4	mmy
6.42731691311538e-48	0.253878825127591	0.564	0.447	9.9880504829813e-44	6_2_5_1_4	Jafrac2
1.68646400581069e-47	0.256480554579696	0.613	0.506	2.62076506502981e-43	6_2_5_1_4	CG30423
1.64020552694959e-46	0.262462804624758	0.485	0.365	2.54887938887966e-42	6_2_5_1_4	CG31717
4.51768734339116e-46	0.259806333336261	0.557	0.45	7.02048613162986e-42	6_2_5_1_4	Spn27A
9.20336230868178e-43	0.27371217229102	0.544	0.439	1.43020250276915e-38	6_2_5_1_4	sel
0	0.967678999079971	0.452	0.004	0	9	dys
0	0.85502106465895	0.415	0.008	0	9	CG3397
9.1101072561132e-260	1.43128081267598	0.83	0.067	1.41571066759999e-255	9	CG18547
1.76146748230185e-240	1.5697562941596	0.659	0.042	2.73732046749707e-236	9	CR44430
3.44271447319411e-189	2.70633039997601	0.948	0.139	5.34997829134364e-185	9	CG15784
1.24130888872862e-116	0.807946596372513	0.452	0.04	1.92899401308428e-112	9	CG2909
2.30377020622705e-105	0.646597317973071	0.333	0.024	3.58005890047684e-101	9	Dh31
2.54800576605028e-95	0.92249283866591	0.407	0.04	3.95960096044214e-91	9	Tsp42Ed
1.7792307960513e-81	0.529532283283159	0.356	0.035	2.76492465706372e-77	9	JhI-26
1.5168703144535e-77	0.499268915561314	0.333	0.032	2.35721646866074e-73	9	CG12868
3.04267701975126e-73	0.519430776783925	0.311	0.03	4.72832008869345e-69	9	ymp
5.87881612261002e-72	0.60856098960145	0.481	0.071	9.13568025453597e-68	9	AOX1
5.06384745132392e-66	1.15475917809797	0.844	0.316	7.86921893935737e-62	9	CG10638
1.2128221152386e-64	0.681019746947424	0.407	0.059	1.88472556708078e-60	9	CG3448
2.62501917622198e-62	0.409743021206701	0.289	0.03	4.07927979984896e-58	9	Cad99C
2.90981296622913e-61	0.557180620890968	0.341	0.042	4.52184934952006e-57	9	agt
1.67113792966161e-58	0.81577852306804	0.57	0.127	2.59694834269414e-54	9	CG3008
4.38516679020561e-58	1.30045998602038	0.852	0.343	6.81454919197951e-54	9	CG15347
9.19682361133895e-48	0.526961487098999	0.326	0.048	1.42918638920207e-43	9	CG15510
1.4852759895426e-45	0.44039965879376	0.311	0.046	2.3081188877492e-41	9	CG12224
1.77204429925218e-44	0.906390801681862	0.822	0.339	2.75375684103788e-40	9	N
2.2351313870491e-43	0.934310253494496	0.904	0.549	3.4733941754743e-39	9	GstE6
1.36598198294102e-41	0.714928984967904	0.985	0.871	2.12273600149035e-37	9	Jafrac1
2.09495002999103e-40	0.5780642269287	0.437	0.097	3.25555234660607e-36	9	CG10916
1.24138600780423e-38	0.533631719822577	0.452	0.107	1.92911385612777e-34	9	ver
4.15686190305788e-38	0.797409918896746	0.956	0.737	6.45976339735194e-34	9	cl
1.86204330731523e-36	0.844920794605005	0.741	0.317	2.89361529956787e-32	9	eIF6
3.20343383036731e-35	0.597492069764645	0.6	0.199	4.9781361723908e-31	9	CG12264
6.99208542944601e-32	0.672473501810793	0.644	0.248	1.08657007573591e-27	9	MRP
1.82986185637818e-31	0.419942609634498	0.296	0.058	2.84360532481169e-27	9	mre11
2.44207014519152e-30	1.05822770286643	0.948	0.719	3.79497700562762e-26	9	Arc1
2.9654883029517e-30	0.714925393034599	0.844	0.538	4.60836882278695e-26	9	CG9836
4.74316973124823e-29	0.388031469140824	0.304	0.064	7.37088576235976e-25	9	Mocs1
1.45384466596977e-28	0.740741342674296	0.874	0.592	2.25927461091703e-24	9	Ssrp
1.36345747199775e-27	0.763097926664534	0.807	0.461	2.11881291148451e-23	9	bin3
1.41138236999675e-27	0.4202468250551	0.348	0.086	2.19328820297496e-23	9	rev7
1.92891269950956e-27	0.502518697942267	0.356	0.091	2.99753033503786e-23	9	CG6272
3.17930501198207e-27	0.395827414033447	0.348	0.087	4.94063998862013e-23	9	CG17294
1.46440627117932e-25	0.436697606254706	0.43	0.129	2.27568734541266e-21	9	Fur1
2.73637387420025e-25	0.712112692914725	0.726	0.378	4.25232500050719e-21	9	Arc2
3.96691808244561e-25	0.656795129621175	0.585	0.248	6.16459070012048e-21	9	CG12171
4.0968448344665e-25	0.623323834875686	0.615	0.257	6.36649687276093e-21	9	CG14907
5.5475154126283e-23	0.359860572858913	0.363	0.102	8.62083895122438e-19	9	CG7627
9.49618685940622e-23	0.610370978044709	0.956	0.811	1.47570743795173e-18	9	CG33494
9.76064153206822e-23	0.433097924742735	0.556	0.219	1.5168036940834e-18	9	CG17904
1.21310975974456e-22	0.305162146274306	0.259	0.058	1.88517256664305e-18	9	CG14695
1.24513370732693e-22	0.504868118331461	0.422	0.136	1.93493778118605e-18	9	rad50
1.93199113596329e-22	0.321630155566492	0.326	0.087	3.00231422528695e-18	9	CG11710
2.11323684838877e-22	0.473743976723577	0.97	0.891	3.28397006239615e-18	9	Xrp1
9.80000446407093e-22	0.571873443042748	0.311	0.083	1.52292069371662e-17	9	rho
3.09923318465838e-20	0.575292455899367	0.83	0.564	4.81620836895911e-16	9	mbf1
8.91499651436534e-20	0.587394454361103	0.822	0.495	1.38539045833237e-15	9	GstE1
9.26138801742339e-20	0.49963725818752	0.504	0.204	1.4392196979076e-15	9	yip2
1.4156647656174e-19	0.598356221311748	0.541	0.239	2.19994304576945e-15	9	RpA-70
2.13599157553182e-19	0.439747231209133	0.993	0.94	3.31933090837645e-15	9	CG15098
6.98166774572233e-19	0.420028184739219	0.452	0.172	1.08495116768525e-14	9	mus210
9.36759158247794e-19	0.353785109410275	0.4	0.138	1.45572373191707e-14	9	Prp31
4.65427538903428e-18	0.399633441047875	0.43	0.162	7.23274395455927e-14	9	CG42496
4.9797315511553e-18	0.58919091763073	0.496	0.208	7.73850283049533e-14	9	spir
6.37132122554851e-18	0.462398027987043	0.874	0.613	9.90103318450238e-14	9	Dip-B
6.59621827905193e-18	1.01044091400866	0.637	0.328	1.02505232056467e-13	9	scyl
8.58919630077491e-18	0.789223104221565	0.541	0.236	1.33476110514042e-13	9	CG3348
2.26112880801356e-17	0.581249475494178	0.659	0.362	3.51379416765307e-13	9	ced-6
3.28897156155617e-17	0.331806182249628	0.259	0.072	5.11106180665829e-13	9	CG9505
7.9329761671606e-17	0.493568439563991	0.474	0.213	1.23278449637676e-12	9	CG6353
1.07937426422466e-16	0.344548421445153	0.37	0.134	1.67734760660513e-12	9	Lst8
1.52223214165635e-16	0.788221884347771	0.496	0.223	2.36554874813397e-12	9	kek1
1.94893364224999e-16	0.311934405705797	1	1	3.02864288005649e-12	9	pAbp
6.40872000828114e-16	0.405771802981969	0.993	0.993	9.95915089286889e-12	9	GstD1
6.45514290038977e-16	0.451755976745902	0.859	0.617	1.00312920672057e-11	9	CG13887
9.28628547631346e-16	0.419602402412821	0.667	0.377	1.44308876301911e-11	9	BI-1
1.50016521713412e-15	0.497356988881092	0.637	0.355	2.33125674742642e-11	9	CG17327
2.32549039930192e-15	0.338415407777425	0.43	0.175	3.61381208051518e-11	9	CG8549
2.41765461424652e-15	0.259872884671658	0.259	0.076	3.75703527053909e-11	9	CG3740
1.25713588982672e-14	0.376924569314121	0.704	0.397	1.95358917279072e-10	9	GstT1
2.48004327211189e-14	0.368726290911787	0.407	0.167	3.85398724486188e-10	9	Clbn
3.10908527968569e-14	0.48922651086944	0.637	0.369	4.83151852463156e-10	9	Nxt1
3.38502012907496e-14	0.397645071296706	0.422	0.177	5.26032128058249e-10	9	CG9646
7.77351820736852e-14	0.390052720139964	0.319	0.117	1.20800472942507e-09	9	GstE7
1.30973665623981e-13	0.361336042969815	0.437	0.193	2.03533076379667e-09	9	CG9987
1.59263789572282e-13	0.45054435696281	0.77	0.501	2.47495928995326e-09	9	CG1703
1.61539992905963e-13	0.397908432405773	0.304	0.107	2.51033148975867e-09	9	CG42362
1.61582339414529e-13	0.42600947682636	0.896	0.737	2.51098955450178e-09	9	CG4259
1.62205894839834e-13	0.353122081946333	0.37	0.149	2.52067960581101e-09	9	CG32641
2.4837303392395e-13	0.360993845906032	0.459	0.217	3.85971694717818e-09	9	CG31142
3.44718447668007e-13	0.504498557790192	0.874	0.716	5.35692467676083e-09	9	Fer2LCH
3.91263788948427e-13	0.422586312098932	0.593	0.32	6.08023928025856e-09	9	RPA3
6.27882273028589e-13	0.385882382596326	0.704	0.426	9.75729052286427e-09	9	Gclc
1.03457768466272e-12	0.370348888491967	0.556	0.301	1.60773372196587e-08	9	CG9065
2.91373504123193e-12	0.409551084082835	0.785	0.553	4.52794425407443e-08	9	Rpb12
6.36413229374775e-12	0.31677717714091	0.4	0.177	9.889861584484e-08	9	CG32549
9.28408762263325e-12	0.479838271372774	0.741	0.589	1.44274721655721e-07	9	La
9.29341566582306e-12	0.413159819756322	0.578	0.317	1.4441967944689e-07	9	CG2076
2.82039387587341e-11	0.643343422477608	0.837	0.681	4.38289208310727e-07	9	GstD3
9.04885800102108e-11	0.330889923439126	0.533	0.303	1.40619253335868e-06	9	CG34423
1.25692585016955e-10	0.322232343154008	0.348	0.154	1.95326277116348e-06	9	sni
5.28864621505614e-10	0.422141121633876	0.748	0.577	8.21855621819723e-06	9	Lam
5.75761865471387e-10	0.308696292349979	0.348	0.157	8.94733938942536e-06	9	RnrL
1.08223857185182e-09	0.350138110224839	0.363	0.168	1.68179874065772e-05	9	CG6686
1.11847998192258e-09	0.348600738272365	0.941	0.884	1.73811789190768e-05	9	CG6084
1.32274749160105e-09	0.419764717476764	0.756	0.573	2.05554960194803e-05	9	Fer1HCH
1.86523247821242e-09	0.286358333588352	0.919	0.831	2.89857127114211e-05	9	AnxB11
1.98228096534796e-09	0.262693267495896	0.311	0.135	3.08046462015073e-05	9	dgt2
1.98751939935214e-09	0.338142942318981	0.822	0.695	3.08860514659323e-05	9	REG
1.99163166780718e-09	0.367579434816615	0.481	0.265	3.09499561177235e-05	9	Srp54
2.84183323965271e-09	0.283269345900186	0.63	0.384	4.41620885442031e-05	9	ytr
3.53049082056115e-09	0.322226363539288	0.378	0.19	5.48638273515202e-05	9	CG6769
4.28262255366912e-09	0.390081883946073	0.6	0.381	6.65519544840182e-05	9	Nedd4
5.91875637221834e-09	0.32902305908514	0.422	0.226	9.19774740242731e-05	9	CG4858
1.18202090472293e-08	0.290278060861516	0.415	0.219	0.000183686048593944	9	AMPdeam
1.42534030879784e-08	0.307091723275689	0.948	0.847	0.000221497883987185	9	Karl
1.66591618395159e-08	0.322478027649239	0.622	0.425	0.000258883374986077	9	AdSS
2.22927843912093e-08	0.309799843625102	0.681	0.48	0.000346429869439393	9	CG3376
2.47432028058721e-08	0.680097918622813	0.548	0.343	0.000384509371603252	9	lectin-24A
2.6659975786082e-08	0.362666873479533	0.889	0.79	0.000414296023715715	9	CR42862
3.13387186180002e-08	0.328053101696351	0.356	0.183	0.000487003687323723	9	CG31694
3.24301903235123e-08	0.328833865982254	0.533	0.332	0.000503965157627382	9	CG33995
5.23116148394854e-08	0.500981069061925	0.933	0.849	0.000812922494605603	9	CR43855
1.01775588546906e-07	0.258119763306683	0.474	0.277	0.00158159264601891	9	pic
1.06735759278463e-07	0.268696969260753	0.252	0.109	0.00165867369918731	9	chrb
1.60065506628428e-07	0.334390639263825	0.4	0.215	0.00248741797300577	9	CR44976
1.70131438701597e-07	0.282498770338298	0.304	0.145	0.00264384255742282	9	CG42365
2.06234446825709e-07	0.349928566198734	0.519	0.334	0.00320488330367153	9	CG9917
2.7045349404457e-07	0.257838918818348	0.748	0.533	0.00420284729745261	9	PHGPx
3.59254079367985e-07	0.278875733313438	0.467	0.269	0.00558280839337848	9	Pop2
3.72790681903063e-07	0.291306668715653	0.385	0.216	0.00579316719677361	9	Cas
4.28416999734423e-07	0.288519785560477	0.844	0.701	0.00665760017587294	9	His3.3A
6.84982513789146e-07	0.279687352848568	0.474	0.289	0.0106446282642833	9	CG10055
7.71967573976638e-07	0.27589170146687	0.659	0.457	0.011996376099597	9	Ref1
9.03908998622936e-07	0.284058673248999	0.489	0.305	0.0140467458386004	9	Ote
1.23372335919624e-06	0.261379903219994	0.926	0.835	0.0191720610019095	9	crc
2.35710779210257e-06	0.54524842861698	0.444	0.262	0.0366294550892739	9	CG16713
2.53484169876978e-06	0.464889416569851	0.378	0.22	0.0393914399988824	9	nmo
2.73849037196846e-06	0.277303557639302	0.711	0.541	0.0425561403803899	9	Rpb10
3.24599434189508e-06	0.30565168288497	0.681	0.528	0.0504427520730496	9	SmB
5.05670865036637e-06	0.265722377988992	0.459	0.301	0.0785812524266934	9	Nsf2
6.4999167649025e-06	0.258315136841626	0.711	0.578	0.101008706526585	9	alph
6.97819294387904e-06	0.285297675207422	0.681	0.53	0.10844111834788	9	CG9331
1.78765023426962e-05	0.287247186561577	0.452	0.301	0.277800846405499	9	CG9547
2.27211595071453e-05	0.267381513515468	0.326	0.188	0.353086818741038	9	Cyp9f2
4.10381833831584e-05	0.325352450155993	0.859	0.766	0.637733369774282	9	dm
6.75421220988109e-05	0.407271978537128	0.719	0.621	1	9	CG17574
0.000101309944551977	0.264209827027224	0.6	0.456	1	9	ncm
0.000191923147817969	0.435153927465707	0.756	0.629	1	9	E(spl)mbeta-HLH
0.000199682541407111	0.265083247548091	0.6	0.486	1	9	Nipped-B
0.000243756122997824	0.28145669408008	0.837	0.723	1	9	Lk6
0.000476544932993447	0.250027145122196	0.704	0.574	1	9	CG2789
0.00423199250287938	0.295343042625369	0.556	0.463	1	9	CG8300
0	5.49367012550097	0.989	0.066	0	7	PPO2
0	5.39771391734781	0.984	0.042	0	7	PPO1
0	3.02256355468395	0.33	0.002	0	7	CG9119
0	3.00135048442009	0.463	0.018	0	7	CG15343
0	2.70032976277732	0.67	0.037	0	7	aay
0	1.95469729593772	0.798	0.017	0	7	peb
0	1.83762510424556	0.436	0.003	0	7	Pde1c
0	1.82342447993963	0.511	0.016	0	7	St3
0	1.52354782839632	0.261	0.001	0	7	CG5418
0	1.29984532072045	0.505	0.007	0	7	mthl10
0	1.24594781491807	0.638	0.007	0	7	klu
0	1.21310371624136	0.261	0	0	7	CG32335
0	0.819727389152672	0.452	0.003	0	7	Oatp30B
0	0.805152085221416	0.346	0.001	0	7	NijB
0	0.777407195489328	0.468	0.003	0	7	lz
0	0.49119847972308	0.261	0.003	0	7	CG3394
6.46874485789098e-289	1.96288822116849	0.622	0.042	1.00524295091626e-284	7	CG5828
1.21856602022747e-269	0.664770506932652	0.303	0.007	1.89365159543348e-265	7	CG10623
5.34996768966877e-264	3.85107096608974	0.66	0.054	8.31384978974526e-260	7	fok
8.01388200270927e-264	1.46581945339017	0.511	0.029	1.24535726322102e-259	7	CG10469
1.69228370254145e-217	1.88829014270815	0.793	0.105	2.62980887374941e-213	7	Ctr1A
6.90577719568581e-199	1.85308054412714	0.755	0.103	1.07315777620958e-194	7	fbp
2.13738604608554e-194	0.965049003863448	0.314	0.013	3.32149791561693e-190	7	CG10621
6.94243195633064e-191	3.13933726368346	0.463	0.035	1.07885392601378e-186	7	CG17109
2.93149514742894e-183	0.483986871482554	0.261	0.009	4.55554345910458e-179	7	numb
2.26824943230752e-171	3.33572782352116	0.745	0.122	3.52485961780588e-167	7	CG10467
8.30521783704427e-152	1.56162270567807	0.713	0.114	1.29063085187668e-147	7	path
4.09513642557794e-141	1.49339726006145	0.356	0.027	6.36384200534811e-137	7	Hsp26
6.86470616118871e-141	1.82412050323397	0.824	0.187	1.06677533744873e-136	7	tna
2.17546543383492e-139	2.47512667666282	0.92	0.294	3.38067328417946e-135	7	Atox1
6.49638113477202e-123	1.19525992382926	0.58	0.085	1.00953762834357e-118	7	CG42369
1.20691306256427e-117	0.903409740659086	0.532	0.075	1.87554289922487e-113	7	CG9005
3.96041754613396e-117	1.51079098694968	0.92	0.334	6.15448886669218e-113	7	N
1.21935829798946e-116	2.48802900392486	0.511	0.073	1.89488279507562e-112	7	Hsp23
2.66201908185113e-108	0.384057470228898	0.255	0.017	4.13677765319665e-104	7	CG43064
1.48553749480798e-107	1.46155922351193	0.963	0.402	2.3085252669316e-103	7	l(1)G0289
9.04557249542216e-107	0.823943250526304	0.484	0.067	1.4056819657886e-102	7	CG13077
1.2922275245911e-106	0.659363334442867	0.452	0.058	2.00812157321457e-102	7	CG6805
2.4695217834223e-101	1.81796645978256	0.394	0.047	3.83763685143825e-97	7	CG7860
1.49874307192369e-99	1.57422955171953	0.686	0.16	2.32904673376942e-95	7	lectin-28C
1.89874315068662e-97	0.895368828391553	0.59	0.113	2.95064685616701e-93	7	CG32638
9.52546278764715e-96	2.05754503290201	0.957	0.68	1.48025691720037e-91	7	FKBP59
1.52918556207467e-94	0.450807311512225	0.261	0.021	2.37635436346403e-90	7	nrv3
1.21624314001532e-93	0.592277479446026	0.468	0.07	1.89004183958381e-89	7	rap
4.23310409165052e-91	1.33945718425904	0.973	0.49	6.5782437584249e-87	7	Tsp42Ee
2.27730757512994e-90	2.11013728517872	0.856	0.366	3.53893597175192e-86	7	CG10602
6.6235714038652e-88	2.53919630159064	0.957	0.585	1.02930299616065e-83	7	Men
1.75225786371237e-82	1.46156654742996	0.989	0.801	2.72300872020902e-78	7	Hsp83
6.84848942535895e-81	1.01056703155021	0.686	0.185	1.06425525670078e-76	7	CG4927
8.42664523382623e-81	2.57778399067786	0.798	0.306	1.3095006693366e-76	7	Gip
1.5191731457138e-78	1.48495464839927	0.941	0.654	2.36079506843924e-74	7	CG17337
1.07338580513871e-71	0.41582631966269	0.277	0.031	1.66804154118556e-67	7	CG1847
7.170864912474e-70	0.998584717332594	0.984	0.874	1.11435240739846e-65	7	Trx-2
2.01782547082642e-69	0.666590497605965	0.287	0.035	3.13570078166426e-65	7	GstE3
1.18835241887242e-68	1.11925719402755	0.952	0.582	1.84669965892775e-64	7	CG43124
3.12091206348852e-63	1.02125765353362	0.926	0.736	4.84989734666115e-59	7	cl
7.23473143325859e-63	1.10265016863939	0.755	0.308	1.12427726472839e-58	7	CG31637
3.11168915304183e-59	1.1607019398576	0.654	0.215	4.835564943827e-55	7	CG32369
8.38289795636574e-57	1.14071754705607	0.835	0.447	1.30270234241924e-52	7	CG18747
1.45577642385427e-55	0.540690380517085	0.42	0.088	2.26227656266954e-51	7	CR43650
2.46645597982315e-55	1.06779052520284	0.947	0.625	3.83287259264518e-51	7	E(spl)mbeta-HLH
4.89901477737287e-54	0.842439925246637	0.973	0.925	7.61306896403744e-50	7	shep
7.2612546695719e-49	0.890440221482469	0.761	0.365	1.12839897565147e-44	7	CG15735
3.48169684833796e-47	0.69422052068269	0.979	0.955	5.41055690231719e-43	7	Hsc70-4
1.73466011226625e-44	0.839575021935254	0.681	0.282	2.69566181446175e-40	7	CR45018
4.46052819615698e-43	0.521559511905803	0.436	0.113	6.93166081682795e-39	7	Eaf
5.18999931749613e-43	1.70383518929293	0.904	0.755	8.06525893938899e-39	7	Ald
1.56476767552186e-40	0.760356994218237	0.351	0.084	2.43164896776096e-36	7	IP3K2
1.39779296459304e-36	0.514538155225917	0.532	0.175	2.17217026697758e-32	7	sut1
4.2324628415949e-36	0.382217127296673	0.324	0.074	6.57724725583848e-32	7	Ance-4
3.75349096796309e-35	0.833684701504233	0.702	0.352	5.83292496421465e-31	7	bbc
7.5581373986208e-35	0.372782907086847	0.372	0.097	1.17453455174567e-30	7	Adk3
9.54773996932893e-35	0.619807505908031	0.612	0.254	1.48371879123372e-30	7	how
8.53734618413802e-34	0.919120311527601	0.67	0.345	1.32670359701505e-29	7	Glut4EF
3.38548391411012e-33	1.16373776407807	0.723	0.415	5.26104200252713e-29	7	CG2915
1.05075548860972e-32	0.60049125139524	0.915	0.74	1.6328740292995e-28	7	Sod
1.38078397185041e-32	1.13214675283737	0.372	0.112	2.14573829225553e-28	7	CG17065
9.52558867124676e-32	0.599146332356643	0.505	0.186	1.48027647951175e-27	7	Pdk
1.94056627652037e-31	0.485840318594066	0.367	0.103	3.01563999371265e-27	7	Syn1
2.1790554917903e-31	1.16688745032933	0.936	0.872	3.38625223424212e-27	7	Jafrac1
3.77313702064776e-31	0.312801712601792	0.277	0.063	5.86345493008662e-27	7	CG34183
3.91648269993568e-31	0.911776925805741	0.426	0.14	6.08621411570004e-27	7	CG31174
5.21181145845098e-31	0.648646511712474	0.851	0.559	8.09915500643282e-27	7	ct
6.8412665155084e-30	0.394441152311591	0.356	0.101	1.06313281651001e-25	7	fry
4.96497017062977e-29	0.555577298615798	0.766	0.395	7.71556364515867e-25	7	CG43125
1.13055191837545e-28	0.771359915233979	0.803	0.583	1.75687768115546e-24	7	CG31431
3.16503521291746e-28	0.547311247660208	0.628	0.308	4.91846472087373e-24	7	CG7556
1.2904012446205e-27	0.406510066155156	0.399	0.13	2.00528353414026e-23	7	JIL-1
1.41649038510597e-27	0.672883191597681	0.793	0.539	2.20122605845467e-23	7	Droj2
1.51029671189739e-25	0.349804072590476	0.319	0.093	2.34700109028854e-21	7	Ncc69
1.90683258537569e-25	0.504230543149026	0.633	0.285	2.96321783767382e-21	7	Ance-5
8.72644165270036e-25	0.569118233299695	0.824	0.638	1.35608903282964e-20	7	CG1416
1.94825304708901e-24	0.558279487698278	0.505	0.202	3.02758523517632e-20	7	CG30456
5.11506548158673e-24	0.415100779135587	0.521	0.221	7.94881175838578e-20	7	CG10737
1.5369899641122e-23	0.344655370502914	0.261	0.07	2.38848240423036e-19	7	Cyp6w1
2.66437172337082e-23	0.565419863898323	0.819	0.645	4.14043365811825e-19	7	CG3446
7.84484594472402e-23	0.67512465691588	0.819	0.604	1.21908905981011e-18	7	CG11791
1.04234195345156e-22	0.377186782559124	0.995	0.995	1.61979939566372e-18	7	CG9821
2.25391949958742e-21	0.32785981595805	0.367	0.134	3.50259090235885e-17	7	CG9153
3.5891786604464e-21	0.254138954362134	0.287	0.086	5.57758363833371e-17	7	su(r)
4.60101114000211e-21	0.497093414527111	0.91	0.795	7.14997131156328e-17	7	Nrg
1.21349470239512e-20	0.430629458905302	0.394	0.149	1.88577076752201e-16	7	cpo
5.58957339789046e-20	0.294988959476005	0.277	0.085	8.68619706032177e-16	7	CG2017
6.89287493751052e-20	0.394768232820594	0.362	0.134	1.07115276528913e-15	7	CG2818
2.33958957746026e-19	0.443239277341216	0.431	0.194	3.63572220337324e-15	7	Cat
2.72417449899277e-19	0.27777184812825	0.33	0.114	4.23336717143476e-15	7	Pli
1.93458031473731e-18	0.342116515806367	0.665	0.36	3.00633780910179e-14	7	ced-6
2.57746525582311e-18	0.527798537721361	0.846	0.686	4.00538100754911e-14	7	Hsc70Cb
2.95703139630688e-18	0.51749920448935	0.745	0.495	4.59522678986089e-14	7	GstE1
3.57202040131095e-18	3.27831261524967	0.495	0.296	5.55091970363722e-14	7	MtnA
6.67107630152985e-18	0.549620068822671	0.622	0.372	1.03668525725774e-13	7	cwo
8.1166086591561e-18	0.567194743336317	0.676	0.462	1.26132098563286e-13	7	Tpr2
1.50750746568598e-17	0.454406263975243	0.691	0.422	2.34266660167602e-13	7	GlcAT-P
2.85665714363951e-17	0.43173421131892	0.899	0.772	4.4392452012158e-13	7	CG5010
3.0451650689857e-17	0.370874414812454	0.489	0.218	4.73218651720377e-13	7	Drs
6.81339652595699e-17	0.258180706137069	0.899	0.496	1.05880182013372e-12	7	Glt
1.25753829506785e-16	0.568419694145168	0.574	0.332	1.95421451053543e-12	7	CG10424
1.29422912858295e-16	0.444316265837279	0.67	0.41	2.0112320658179e-12	7	mnd
2.57696951422051e-16	0.297514052975348	0.394	0.17	4.00461062509867e-12	7	Mtap
2.61600864071767e-16	0.254691997190655	0.277	0.096	4.06527742767525e-12	7	CG30389
2.93272019967876e-16	0.469554616537222	0.803	0.676	4.5574471903008e-12	7	CG33465
4.26991718718926e-16	0.359436243956292	0.495	0.239	6.63545130889211e-12	7	CG13624
4.86459771851426e-16	0.479805636214707	0.67	0.442	7.55958485457117e-12	7	CG32066
2.79579928687076e-15	0.453054525276845	0.739	0.559	4.34467209179717e-11	7	Hop
3.22630415916252e-15	0.461737208001479	0.851	0.783	5.01367666333855e-11	7	NUCB1
4.03012100721512e-15	0.443267768622999	0.713	0.499	6.26280804521229e-11	7	Cdc37
4.47677379796175e-15	0.486375588825154	0.622	0.396	6.95690648203256e-11	7	nrv1
6.25372174759692e-15	0.340843199922315	0.851	0.635	9.71828359576561e-11	7	cact
9.94933469071297e-14	0.395581721105903	0.468	0.245	1.5461266109368e-09	7	ApepP
2.10595388753741e-13	0.40171107169992	0.803	0.609	3.27265234123314e-09	7	CG2493
6.62574926347039e-13	0.408257281700226	0.58	0.354	1.0296414355433e-08	7	Sgt1
1.07311550220925e-12	0.349771215782267	0.963	0.862	1.66762149043318e-08	7	CG7777
1.64336829622523e-12	0.425067188480752	0.66	0.47	2.55379433233401e-08	7	nudC
1.66866114626038e-12	0.352257429292915	0.782	0.502	2.59309942128863e-08	7	CG1092
1.70980058996826e-12	0.415672602955007	0.846	0.737	2.65703011681067e-08	7	CG30497
3.24308249264583e-12	0.25373613535008	0.824	0.509	5.03975019357163e-08	7	vkg
4.59298249566498e-12	0.597075744843018	0.606	0.397	7.13749479826339e-08	7	dpr17
7.32898514913793e-12	0.29257947466636	0.378	0.182	1.13892429217603e-07	7	CG14073
7.35210964919016e-12	0.388572449495719	0.734	0.565	1.14251783948415e-07	7	mbf1
8.06471237786274e-12	0.275650538164983	0.878	0.598	1.25325630351987e-07	7	Pxn
9.16148355962036e-12	0.291118961699116	0.915	0.841	1.423694545165e-07	7	Rtnl1
2.15869234632724e-11	0.333141282319715	0.691	0.481	3.35460790619253e-07	7	Su(Tpl)
3.3169788794267e-11	0.324123358716026	0.367	0.18	5.15458517862908e-07	7	DnaJ-1
1.19090862465983e-10	0.287464185667025	0.495	0.277	1.85067200272137e-06	7	CG5830
1.99381295147143e-10	0.274514240720328	0.819	0.55	3.09838532658661e-06	7	Cys
2.07006350152958e-10	0.432533494022528	0.511	0.313	3.21687868137696e-06	7	CG34288
2.62700280160232e-10	0.397172661578294	0.633	0.467	4.08236235369001e-06	7	E2f1
3.3464380160797e-10	0.371610891224773	0.463	0.276	5.20036467698786e-06	7	tyf
3.69780073562701e-10	0.345873891890617	0.41	0.227	5.74638234316437e-06	7	nst
4.38851948401628e-10	0.339897764243035	0.431	0.243	6.8197592781613e-06	7	CG6656
5.14076400079059e-10	0.309862055830258	0.484	0.27	7.98874725722857e-06	7	CG42711
5.93470991418516e-10	0.288155483403194	0.314	0.151	9.22253920664374e-06	7	pinta
7.08477097696643e-10	0.320772677404233	0.686	0.478	1.10097340982058e-05	7	Jheh2
7.52841756831478e-10	0.323641453716619	0.824	0.674	1.16991609011612e-05	7	Lamp1
8.3870527377543e-10	0.319109235869734	0.798	0.655	1.30334799544702e-05	7	CG32138
1.07788445323603e-09	0.371352580313173	0.612	0.421	1.67503244032878e-05	7	Uhg2
1.54881078999976e-09	0.337522517673111	0.83	0.712	2.40685196765962e-05	7	CG5525
1.62611068460886e-09	0.263810722949115	0.521	0.314	2.52697600388217e-05	7	CG2846
3.25032371341244e-09	0.309158711277101	0.883	0.838	5.05100305064293e-05	7	CG11267
3.94153987799961e-09	0.360866894555054	0.564	0.379	6.12515297041139e-05	7	Arc2
4.26519258544552e-09	0.260138855576062	0.878	0.793	6.62810927778234e-05	7	CG1707
4.76393052075123e-09	0.351043986266223	0.58	0.396	7.40314802924741e-05	7	Diap1
5.95581933892638e-09	0.36331992678189	0.894	0.836	9.2553432526916e-05	7	CG45050
9.24729717041004e-09	0.56983162247884	0.676	0.591	0.000143702998028172	7	Pect
1.33004765272871e-08	0.309865305455358	0.484	0.307	0.000206689405234041	7	Aldh-III
1.74340204227324e-08	0.320099478492223	0.479	0.297	0.000270924677369261	7	nonA
2.43757529403549e-08	0.267969157407744	0.782	0.664	0.000378799200693116	7	CG10512
2.97083499384642e-08	0.293198461653819	0.638	0.462	0.000461667758043734	7	CG7770
3.42732120329649e-08	0.268572025860221	0.676	0.487	0.000532605714992274	7	srp
3.97313780847038e-08	0.324914370888767	0.766	0.655	0.000617425615436297	7	hoip
9.54389440003715e-08	0.322693875640517	0.34	0.186	0.00148312118976577	7	CG10214
9.7782518778794e-08	0.814274504907149	0.644	0.521	0.00151954034182246	7	CG6770
5.48803440445839e-07	0.373108240714511	0.399	0.246	0.00852840546452834	7	CG5397
8.16806325534663e-07	0.336053376793912	0.878	0.809	0.0126931702988087	7	Hsromega
1.93797163197129e-06	0.256334052198187	0.367	0.228	0.0301160791608339	7	CG3198
2.16382314487128e-06	0.271300437095762	0.707	0.573	0.0336258116712997	7	Fer1HCH
2.36278200670801e-06	0.271733079361064	0.537	0.391	0.0367176323842424	7	Galphaq
2.83472888870408e-06	0.268026156966918	0.58	0.441	0.0440516869304613	7	CG3226
3.47060946751287e-06	0.446163335368818	0.447	0.319	0.05393327112515	7	Pgd
8.85862718427068e-06	0.322535676125717	0.553	0.427	0.137663066443566	7	sgl
1.72878045784304e-05	0.665248014957805	0.468	0.374	0.268652483148809	7	Hsp27
1.76357904743231e-05	0.25584535173857	0.644	0.522	0.27406018397098	7	CG7637
1.80789716870509e-05	0.298693651800096	0.436	0.307	0.28094722001677	7	corn
0.000302822677111503	0.343564578208613	0.521	0.421	1	7	CG13868
0.000493623161087381	0.283646614889142	0.452	0.353	1	7	PGRP-LD
